BoneCount: 163
RootBone: 0
BoneName: RootNode
BoneIndex: 0
ParentIndex: -1
BoneChildCount: 2
1
2
1.000000 0.000000 0.000000 0.000000
0.000000 1.000000 0.000000 0.000000
0.000000 0.000000 1.000000 0.000000
0.000000 0.000000 0.000000 1.000000
1.000000 0.000000 -0.000000 0.000000
0.000000 1.000000 -0.000000 0.000000
-0.000000 -0.000000 1.000000 -0.000000
0.000000 0.000000 -0.000000 1.000000
BoneName: Ch43
BoneIndex: 1
ParentIndex: 0
BoneChildCount: 0
1.000000 0.000000 0.000000 0.000000
0.000000 1.000000 0.000000 0.000000
0.000000 0.000000 1.000000 0.000000
0.000000 0.000000 0.000000 1.000000
1.000000 0.000000 -0.000000 0.000000
0.000000 1.000000 -0.000000 0.000000
-0.000000 -0.000000 1.000000 -0.000000
0.000000 0.000000 -0.000000 1.000000
BoneName: mixamorig:Hips
BoneIndex: 2
ParentIndex: 0
BoneChildCount: 3
3
137
150
1.000000 0.000000 -0.000000 0.000000
0.000000 1.000000 -0.000000 0.000000
-0.000000 -0.000000 1.000000 -0.000000
0.000000 -0.776271 0.071908 1.000000
1.000000 0.000000 -0.000000 0.000000
0.000000 1.000000 -0.000000 0.000000
-0.000000 -0.000000 1.000000 -0.000000
0.000000 0.776271 -0.071908 1.000000
BoneName: mixamorig:Spine_$AssimpFbx$_Translation
BoneIndex: 3
ParentIndex: 2
BoneChildCount: 1
4
1.000000 0.000000 0.000000 0.000000
0.000000 1.000000 0.000000 0.000000
0.000000 0.000000 1.000000 0.000000
0.000000 0.000000 0.000000 1.000000
1.000000 0.000000 -0.000000 0.000000
0.000000 1.000000 -0.000000 0.000000
-0.000000 -0.000000 1.000000 -0.000000
0.000000 0.146857 0.017347 1.000000
BoneName: mixamorig:Spine_$AssimpFbx$_PreRotation
BoneIndex: 4
ParentIndex: 3
BoneChildCount: 1
5
1.000000 0.000000 0.000000 0.000000
0.000000 1.000000 0.000000 0.000000
0.000000 0.000000 1.000000 0.000000
0.000000 0.000000 0.000000 1.000000
1.000000 0.000000 -0.000000 0.000000
0.000000 0.993096 0.117307 0.000000
-0.000000 -0.117307 0.993096 -0.000000
0.000000 0.000000 -0.000000 1.000000
BoneName: mixamorig:Spine
BoneIndex: 5
ParentIndex: 4
BoneChildCount: 1
6
1.000000 0.000000 -0.000000 0.000000
0.000000 0.993096 -0.117307 0.000000
-0.000000 0.117307 0.993096 -0.000000
0.000000 -0.910355 0.162473 1.000000
1.000000 0.000000 -0.000000 0.000000
0.000000 1.000000 -0.000000 0.000000
-0.000000 -0.000000 1.000000 -0.000000
0.000000 0.000000 -0.000000 1.000000
BoneName: mixamorig:Spine1
BoneIndex: 6
ParentIndex: 5
BoneChildCount: 1
7
1.000000 0.000000 -0.000000 0.000000
0.000000 0.993096 -0.117307 0.000000
-0.000000 0.117307 0.993096 -0.000000
0.000000 -1.082879 0.162473 1.000000
1.000000 0.000000 -0.000000 0.000000
0.000000 1.000000 -0.000000 0.000000
-0.000000 -0.000000 1.000000 -0.000000
0.000000 0.172524 -0.000000 1.000000
BoneName: mixamorig:Spine2
BoneIndex: 7
ParentIndex: 6
BoneChildCount: 3
8
13
75
1.000000 0.000000 -0.000000 0.000000
0.000000 0.993096 -0.117307 0.000000
-0.000000 0.117307 0.993096 -0.000000
0.000000 -1.280050 0.162473 1.000000
1.000000 0.000000 -0.000000 0.000000
0.000000 1.000000 -0.000000 0.000000
-0.000000 -0.000000 1.000000 -0.000000
0.000000 0.197171 -0.000000 1.000000
BoneName: mixamorig:Neck_$AssimpFbx$_Translation
BoneIndex: 8
ParentIndex: 7
BoneChildCount: 1
9
1.000000 0.000000 0.000000 0.000000
0.000000 1.000000 0.000000 0.000000
0.000000 0.000000 1.000000 0.000000
0.000000 0.000000 0.000000 1.000000
1.000000 0.000000 -0.000000 0.000000
0.000000 1.000000 -0.000000 0.000000
-0.000000 -0.000000 1.000000 -0.000000
0.000000 0.221817 -0.000000 1.000000
BoneName: mixamorig:Neck_$AssimpFbx$_PreRotation
BoneIndex: 9
ParentIndex: 8
BoneChildCount: 1
10
1.000000 0.000000 0.000000 0.000000
0.000000 1.000000 0.000000 0.000000
0.000000 0.000000 1.000000 0.000000
0.000000 0.000000 0.000000 1.000000
1.000000 0.000000 -0.000000 0.000000
0.000000 0.993096 -0.117307 0.000000
-0.000000 0.117307 0.993096 -0.000000
0.000000 0.000000 -0.000000 1.000000
BoneName: mixamorig:Neck
BoneIndex: 10
ParentIndex: 9
BoneChildCount: 1
11
1.000000 0.000000 -0.000000 0.000000
0.000000 1.000000 -0.000000 0.000000
-0.000000 0.000000 1.000000 -0.000000
0.000000 -1.510557 -0.014828 1.000000
1.000000 0.000000 -0.000000 0.000000
0.000000 1.000000 -0.000000 0.000000
-0.000000 -0.000000 1.000000 -0.000000
0.000000 0.000000 -0.000000 1.000000
BoneName: mixamorig:Head
BoneIndex: 11
ParentIndex: 10
BoneChildCount: 1
12
1.000000 0.000000 -0.000000 0.000000
0.000000 1.000000 -0.000000 0.000000
-0.000000 0.000000 1.000000 -0.000000
0.000000 -1.588280 -0.003151 1.000000
1.000000 0.000000 -0.000000 0.000000
0.000000 1.000000 -0.000000 0.000000
-0.000000 -0.000000 1.000000 -0.000000
0.000000 0.077723 -0.011677 1.000000
BoneName: mixamorig:HeadTop_End
BoneIndex: 12
ParentIndex: 11
BoneChildCount: 0
1.000000 0.000000 0.000000 0.000000
0.000000 1.000000 0.000000 0.000000
0.000000 0.000000 1.000000 0.000000
0.000000 0.000000 0.000000 1.000000
1.000000 0.000000 -0.000000 0.000000
0.000000 1.000000 -0.000000 0.000000
-0.000000 -0.000000 1.000000 -0.000000
0.000000 0.265182 -0.039839 1.000000
BoneName: mixamorig:LeftShoulder_$AssimpFbx$_Translation
BoneIndex: 13
ParentIndex: 7
BoneChildCount: 1
14
1.000000 0.000000 0.000000 0.000000
0.000000 1.000000 0.000000 0.000000
0.000000 0.000000 1.000000 0.000000
0.000000 0.000000 0.000000 1.000000
1.000000 0.000000 -0.000000 0.000000
0.000000 1.000000 -0.000000 0.000000
-0.000000 -0.000000 1.000000 -0.000000
0.116466 0.186886 0.003942 1.000000
BoneName: mixamorig:LeftShoulder_$AssimpFbx$_PreRotation
BoneIndex: 14
ParentIndex: 13
BoneChildCount: 1
15
1.000000 0.000000 0.000000 0.000000
0.000000 1.000000 0.000000 0.000000
0.000000 0.000000 1.000000 0.000000
0.000000 0.000000 0.000000 1.000000
-0.032559 -0.000793 0.999470 0.000000
0.960709 -0.275811 0.031077 0.000000
0.275640 0.961212 0.009742 -0.000000
0.000000 0.000000 -0.000000 1.000000
BoneName: mixamorig:LeftShoulder
BoneIndex: 15
ParentIndex: 14
BoneChildCount: 1
16
-0.032559 0.960709 0.275640 0.000000
-0.118033 -0.277553 0.953432 0.000000
0.992476 -0.001492 0.122432 -0.000000
0.163403 0.297634 -1.440594 1.000000
1.000000 0.000000 -0.000000 0.000000
0.000000 1.000000 -0.000000 0.000000
-0.000000 -0.000000 1.000000 -0.000000
0.000000 0.000000 -0.000000 1.000000
BoneName: mixamorig:LeftArm_$AssimpFbx$_Translation
BoneIndex: 16
ParentIndex: 15
BoneChildCount: 1
17
1.000000 0.000000 0.000000 0.000000
0.000000 1.000000 0.000000 0.000000
0.000000 0.000000 1.000000 0.000000
0.000000 0.000000 0.000000 1.000000
1.000000 0.000000 -0.000000 0.000000
0.000000 1.000000 -0.000000 0.000000
-0.000000 -0.000000 1.000000 -0.000000
-0.000000 0.244557 0.000000 1.000000
BoneName: mixamorig:LeftArm_$AssimpFbx$_PreRotation
BoneIndex: 17
ParentIndex: 16
BoneChildCount: 1
18
1.000000 0.000000 0.000000 0.000000
0.000000 1.000000 0.000000 0.000000
0.000000 0.000000 1.000000 0.000000
0.000000 0.000000 0.000000 1.000000
0.998151 0.060778 -0.000000 0.000000
-0.059834 0.982647 0.175573 0.000000
0.010671 -0.175248 0.984466 -0.000000
0.000000 0.000000 -0.000000 1.000000
BoneName: mixamorig:LeftArm
BoneIndex: 18
ParentIndex: 17
BoneChildCount: 1
19
0.025891 0.994381 0.102649 0.000000
-0.134684 -0.098277 0.986003 0.000000
0.990550 -0.039354 0.131382 -0.000000
0.166327 -0.210550 -1.425775 1.000000
1.000000 0.000000 -0.000000 0.000000
0.000000 1.000000 -0.000000 0.000000
-0.000000 -0.000000 1.000000 -0.000000
0.000000 0.000000 -0.000000 1.000000
BoneName: mixamorig:LeftForeArm_$AssimpFbx$_Translation
BoneIndex: 19
ParentIndex: 18
BoneChildCount: 1
20
1.000000 0.000000 0.000000 0.000000
0.000000 1.000000 0.000000 0.000000
0.000000 0.000000 1.000000 0.000000
0.000000 0.000000 0.000000 1.000000
1.000000 0.000000 -0.000000 0.000000
0.000000 1.000000 -0.000000 0.000000
-0.000000 -0.000000 1.000000 -0.000000
0.000000 0.227567 -0.000000 1.000000
BoneName: mixamorig:LeftForeArm_$AssimpFbx$_PreRotation
BoneIndex: 20
ParentIndex: 19
BoneChildCount: 1
21
1.000000 0.000000 0.000000 0.000000
0.000000 1.000000 0.000000 0.000000
0.000000 0.000000 1.000000 0.000000
0.000000 0.000000 0.000000 1.000000
0.999894 -0.014582 -0.000000 0.000000
0.014497 0.994067 0.107796 0.000000
-0.001572 -0.107784 0.994173 -0.000000
0.000000 0.000000 -0.000000 1.000000
BoneName: mixamorig:LeftForeArm
BoneIndex: 21
ParentIndex: 20
BoneChildCount: 1
22
0.011388 0.999922 -0.005169 0.000000
-0.133236 0.006640 0.991062 0.000000
0.991019 -0.010597 0.133301 -0.000000
0.172698 -0.586799 -1.370506 1.000000
1.000000 0.000000 -0.000000 0.000000
0.000000 1.000000 -0.000000 0.000000
-0.000000 -0.000000 1.000000 -0.000000
0.000000 0.000000 -0.000000 1.000000
BoneName: mixamorig:LeftHand_$AssimpFbx$_Translation
BoneIndex: 22
ParentIndex: 21
BoneChildCount: 1
23
1.000000 0.000000 0.000000 0.000000
0.000000 1.000000 0.000000 0.000000
0.000000 0.000000 1.000000 0.000000
0.000000 0.000000 0.000000 1.000000
1.000000 0.000000 -0.000000 0.000000
0.000000 1.000000 -0.000000 0.000000
-0.000000 -0.000000 1.000000 -0.000000
-0.000000 0.322383 -0.000000 1.000000
BoneName: mixamorig:LeftHand_$AssimpFbx$_PreRotation
BoneIndex: 23
ParentIndex: 22
BoneChildCount: 1
24
1.000000 0.000000 0.000000 0.000000
0.000000 1.000000 0.000000 0.000000
0.000000 0.000000 1.000000 0.000000
0.000000 0.000000 0.000000 1.000000
0.994707 -0.038096 0.095430 0.000000
0.034518 0.998648 0.038870 0.000000
-0.096782 -0.035370 0.994677 -0.000000
0.000000 0.000000 -0.000000 1.000000
BoneName: mixamorig:LeftHand
BoneIndex: 24
ParentIndex: 23
BoneChildCount: 5
25
35
45
55
65
-0.027259 0.998762 -0.041611 0.000000
-0.038207 0.040555 0.998447 0.000000
0.998898 0.028807 0.037054 -0.000000
0.075633 -0.955263 -1.347767 1.000000
1.000000 0.000000 -0.000000 0.000000
0.000000 1.000000 -0.000000 0.000000
-0.000000 -0.000000 1.000000 -0.000000
0.000000 0.000000 -0.000000 1.000000
BoneName: mixamorig:LeftHandThumb1_$AssimpFbx$_Translation
BoneIndex: 25
ParentIndex: 24
BoneChildCount: 1
26
1.000000 0.000000 0.000000 0.000000
0.000000 1.000000 0.000000 0.000000
0.000000 0.000000 1.000000 0.000000
0.000000 0.000000 0.000000 1.000000
1.000000 0.000000 -0.000000 0.000000
0.000000 1.000000 -0.000000 0.000000
-0.000000 -0.000000 1.000000 -0.000000
-0.046926 0.038107 -0.026394 1.000000
BoneName: mixamorig:LeftHandThumb1_$AssimpFbx$_PreRotation
BoneIndex: 26
ParentIndex: 25
BoneChildCount: 1
27
1.000000 0.000000 0.000000 0.000000
0.000000 1.000000 0.000000 0.000000
0.000000 0.000000 1.000000 0.000000
0.000000 0.000000 0.000000 1.000000
0.768617 0.639709 -0.000000 0.000000
-0.584449 0.702221 -0.406578 0.000000
-0.260092 0.312503 0.913616 -0.000000
0.000000 0.000000 -0.000000 1.000000
BoneName: mixamorig:LeftHandThumb1
BoneIndex: 27
ParentIndex: 26
BoneChildCount: 1
28
0.617966 0.734201 0.281190 0.000000
-0.003423 -0.355138 0.934808 0.000000
0.786198 -0.578641 -0.216950 -0.000000
-0.541268 -0.231953 -1.549535 1.000000
1.000000 0.000000 -0.000000 0.000000
0.000000 1.000000 -0.000000 0.000000
-0.000000 -0.000000 1.000000 -0.000000
0.000000 0.000000 -0.000000 1.000000
BoneName: mixamorig:LeftHandThumb2_$AssimpFbx$_Translation
BoneIndex: 28
ParentIndex: 27
BoneChildCount: 1
29
1.000000 0.000000 0.000000 0.000000
0.000000 1.000000 0.000000 0.000000
0.000000 0.000000 1.000000 0.000000
0.000000 0.000000 0.000000 1.000000
1.000000 0.000000 -0.000000 0.000000
0.000000 1.000000 -0.000000 0.000000
-0.000000 -0.000000 1.000000 -0.000000
-0.009352 0.051933 -0.000000 1.000000
BoneName: mixamorig:LeftHandThumb2_$AssimpFbx$_PreRotation
BoneIndex: 29
ParentIndex: 28
BoneChildCount: 1
30
1.000000 0.000000 0.000000 0.000000
0.000000 1.000000 0.000000 0.000000
0.000000 0.000000 1.000000 0.000000
0.000000 0.000000 0.000000 1.000000
1.000000 0.000000 -0.000000 0.000000
0.000000 0.994977 0.100101 0.000000
-0.000000 -0.100101 0.994977 -0.000000
0.000000 0.000000 -0.000000 1.000000
BoneName: mixamorig:LeftHandThumb2
BoneIndex: 30
ParentIndex: 29
BoneChildCount: 1
31
0.617966 0.758660 0.206283 0.000000
-0.003423 -0.259780 0.965662 0.000000
0.786198 -0.597452 -0.157938 -0.000000
-0.531916 -0.437569 -1.513335 1.000000
1.000000 0.000000 -0.000000 0.000000
0.000000 1.000000 -0.000000 0.000000
-0.000000 -0.000000 1.000000 -0.000000
0.000000 0.000000 -0.000000 1.000000
BoneName: mixamorig:LeftHandThumb3_$AssimpFbx$_Translation
BoneIndex: 31
ParentIndex: 30
BoneChildCount: 1
32
1.000000 0.000000 0.000000 0.000000
0.000000 1.000000 0.000000 0.000000
0.000000 0.000000 1.000000 0.000000
0.000000 0.000000 0.000000 1.000000
1.000000 0.000000 -0.000000 0.000000
0.000000 1.000000 -0.000000 0.000000
-0.000000 -0.000000 1.000000 -0.000000
0.002925 0.052138 0.000000 1.000000
BoneName: mixamorig:LeftHandThumb3_$AssimpFbx$_PreRotation
BoneIndex: 32
ParentIndex: 31
BoneChildCount: 1
33
1.000000 0.000000 0.000000 0.000000
0.000000 1.000000 0.000000 0.000000
0.000000 0.000000 1.000000 0.000000
0.000000 0.000000 0.000000 1.000000
1.000000 0.000000 -0.000000 0.000000
0.000000 0.995734 -0.092268 0.000000
-0.000000 0.092268 0.995734 -0.000000
0.000000 0.000000 -0.000000 1.000000
BoneName: mixamorig:LeftHandThumb3
BoneIndex: 33
ParentIndex: 32
BoneChildCount: 1
34
0.617966 0.736391 0.275403 0.000000
-0.003423 -0.347771 0.937573 0.000000
0.786198 -0.580331 -0.212390 -0.000000
-0.534841 -0.347986 -1.552064 1.000000
1.000000 0.000000 -0.000000 0.000000
0.000000 1.000000 -0.000000 0.000000
-0.000000 -0.000000 1.000000 -0.000000
0.000000 0.000000 -0.000000 1.000000
BoneName: mixamorig:LeftHandThumb4
BoneIndex: 34
ParentIndex: 33
BoneChildCount: 0
1.000000 0.000000 0.000000 0.000000
0.000000 1.000000 0.000000 0.000000
0.000000 0.000000 1.000000 0.000000
0.000000 0.000000 0.000000 1.000000
1.000000 0.000000 -0.000000 0.000000
0.000000 1.000000 -0.000000 0.000000
-0.000000 -0.000000 1.000000 -0.000000
0.006427 0.041365 -0.000000 1.000000
BoneName: mixamorig:LeftHandIndex1_$AssimpFbx$_Translation
BoneIndex: 35
ParentIndex: 24
BoneChildCount: 1
36
1.000000 0.000000 0.000000 0.000000
0.000000 1.000000 0.000000 0.000000
0.000000 0.000000 1.000000 0.000000
0.000000 0.000000 0.000000 1.000000
1.000000 0.000000 -0.000000 0.000000
0.000000 1.000000 -0.000000 0.000000
-0.000000 -0.000000 1.000000 -0.000000
-0.057273 0.123865 -0.001691 1.000000
BoneName: mixamorig:LeftHandIndex1_$AssimpFbx$_PreRotation
BoneIndex: 36
ParentIndex: 35
BoneChildCount: 1
37
1.000000 0.000000 0.000000 0.000000
0.000000 1.000000 0.000000 0.000000
0.000000 0.000000 1.000000 0.000000
0.000000 0.000000 0.000000 1.000000
0.999725 -0.023440 -0.000000 0.000000
0.023412 0.998519 -0.049111 0.000000
0.001151 0.049097 0.998793 -0.000000
0.000000 0.000000 -0.000000 1.000000
BoneName: mixamorig:LeftHandIndex1
BoneIndex: 37
ParentIndex: 36
BoneChildCount: 1
38
-0.050663 0.998688 0.007445 0.000000
-0.039147 -0.009434 0.999189 0.000000
0.997948 0.050330 0.039573 -0.000000
0.158164 -1.008311 -1.397282 1.000000
1.000000 0.000000 -0.000000 0.000000
0.000000 1.000000 -0.000000 0.000000
-0.000000 -0.000000 1.000000 -0.000000
0.000000 0.000000 -0.000000 1.000000
BoneName: mixamorig:LeftHandIndex2_$AssimpFbx$_Translation
BoneIndex: 38
ParentIndex: 37
BoneChildCount: 1
39
1.000000 0.000000 0.000000 0.000000
0.000000 1.000000 0.000000 0.000000
0.000000 0.000000 1.000000 0.000000
0.000000 0.000000 0.000000 1.000000
1.000000 0.000000 -0.000000 0.000000
0.000000 1.000000 -0.000000 0.000000
-0.000000 -0.000000 1.000000 -0.000000
-0.000021 0.044678 0.000000 1.000000
BoneName: mixamorig:LeftHandIndex2_$AssimpFbx$_PreRotation
BoneIndex: 39
ParentIndex: 38
BoneChildCount: 1
40
1.000000 0.000000 0.000000 0.000000
0.000000 1.000000 0.000000 0.000000
0.000000 0.000000 1.000000 0.000000
0.000000 0.000000 0.000000 1.000000
1.000000 0.000000 -0.000000 0.000000
0.000000 0.999755 -0.022149 0.000000
-0.000000 0.022149 0.999755 -0.000000
0.000000 0.000000 -0.000000 1.000000
BoneName: mixamorig:LeftHandIndex2
BoneIndex: 40
ParentIndex: 39
BoneChildCount: 1
41
-0.050663 0.998278 0.029563 0.000000
-0.039147 -0.031563 0.998735 0.000000
0.997948 0.049441 0.040678 -0.000000
0.158185 -1.021782 -1.420262 1.000000
1.000000 0.000000 -0.000000 0.000000
0.000000 1.000000 -0.000000 0.000000
-0.000000 -0.000000 1.000000 -0.000000
0.000000 0.000000 -0.000000 1.000000
BoneName: mixamorig:LeftHandIndex3_$AssimpFbx$_Translation
BoneIndex: 41
ParentIndex: 40
BoneChildCount: 1
42
1.000000 0.000000 0.000000 0.000000
0.000000 1.000000 0.000000 0.000000
0.000000 0.000000 1.000000 0.000000
0.000000 0.000000 0.000000 1.000000
1.000000 0.000000 -0.000000 0.000000
0.000000 1.000000 -0.000000 0.000000
-0.000000 -0.000000 1.000000 -0.000000
0.000019 0.044341 -0.000000 1.000000
BoneName: mixamorig:LeftHandIndex3_$AssimpFbx$_PreRotation
BoneIndex: 42
ParentIndex: 41
BoneChildCount: 1
43
1.000000 0.000000 0.000000 0.000000
0.000000 1.000000 0.000000 0.000000
0.000000 0.000000 1.000000 0.000000
0.000000 0.000000 0.000000 1.000000
1.000000 0.000000 -0.000000 0.000000
0.000000 0.999754 0.022192 0.000000
-0.000000 -0.022192 0.999754 -0.000000
0.000000 0.000000 -0.000000 1.000000
BoneName: mixamorig:LeftHandIndex3
BoneIndex: 43
ParentIndex: 42
BoneChildCount: 1
44
-0.050663 0.998688 0.007402 0.000000
-0.039147 -0.009392 0.999189 0.000000
0.997948 0.050332 0.039571 -0.000000
0.158166 -1.097379 -1.396253 1.000000
1.000000 0.000000 -0.000000 0.000000
0.000000 1.000000 -0.000000 0.000000
-0.000000 -0.000000 1.000000 -0.000000
0.000000 0.000000 -0.000000 1.000000
BoneName: mixamorig:LeftHandIndex4
BoneIndex: 44
ParentIndex: 43
BoneChildCount: 0
1.000000 0.000000 0.000000 0.000000
0.000000 1.000000 0.000000 0.000000
0.000000 0.000000 1.000000 0.000000
0.000000 0.000000 0.000000 1.000000
1.000000 0.000000 -0.000000 0.000000
0.000000 1.000000 -0.000000 0.000000
-0.000000 -0.000000 1.000000 -0.000000
0.000002 0.035897 0.000000 1.000000
BoneName: mixamorig:LeftHandMiddle1_$AssimpFbx$_Translation
BoneIndex: 45
ParentIndex: 24
BoneChildCount: 1
46
1.000000 0.000000 0.000000 0.000000
0.000000 1.000000 0.000000 0.000000
0.000000 0.000000 1.000000 0.000000
0.000000 0.000000 0.000000 1.000000
1.000000 0.000000 -0.000000 0.000000
0.000000 1.000000 -0.000000 0.000000
-0.000000 -0.000000 1.000000 -0.000000
-0.017709 0.120455 0.002753 1.000000
BoneName: mixamorig:LeftHandMiddle1_$AssimpFbx$_PreRotation
BoneIndex: 46
ParentIndex: 45
BoneChildCount: 1
47
1.000000 0.000000 0.000000 0.000000
0.000000 1.000000 0.000000 0.000000
0.000000 0.000000 1.000000 0.000000
0.000000 0.000000 0.000000 1.000000
1.000000 0.000469 -0.000000 0.000000
-0.000469 0.999789 -0.020559 0.000000
-0.000010 0.020559 0.999789 -0.000000
0.000000 0.000000 -0.000000 1.000000
BoneName: mixamorig:LeftHandMiddle1
BoneIndex: 47
ParentIndex: 46
BoneChildCount: 1
48
-0.026791 0.999419 -0.021069 0.000000
-0.038188 0.020037 0.999070 0.000000
0.998911 0.027571 0.037629 -0.000000
0.092837 -1.047770 -1.372350 1.000000
1.000000 0.000000 -0.000000 0.000000
0.000000 1.000000 -0.000000 0.000000
-0.000000 -0.000000 1.000000 -0.000000
0.000000 0.000000 -0.000000 1.000000
BoneName: mixamorig:LeftHandMiddle2_$AssimpFbx$_Translation
BoneIndex: 48
ParentIndex: 47
BoneChildCount: 1
49
1.000000 0.000000 0.000000 0.000000
0.000000 1.000000 0.000000 0.000000
0.000000 0.000000 1.000000 0.000000
0.000000 0.000000 0.000000 1.000000
1.000000 0.000000 -0.000000 0.000000
0.000000 1.000000 -0.000000 0.000000
-0.000000 -0.000000 1.000000 -0.000000
-0.000111 0.054915 0.000000 1.000000
BoneName: mixamorig:LeftHandMiddle2_$AssimpFbx$_PreRotation
BoneIndex: 49
ParentIndex: 48
BoneChildCount: 1
50
1.000000 0.000000 0.000000 0.000000
0.000000 1.000000 0.000000 0.000000
0.000000 0.000000 1.000000 0.000000
0.000000 0.000000 0.000000 1.000000
1.000000 0.000000 -0.000000 0.000000
0.000000 0.997188 -0.074937 0.000000
-0.000000 0.074937 0.997188 -0.000000
0.000000 0.000000 -0.000000 1.000000
BoneName: mixamorig:LeftHandMiddle2
BoneIndex: 50
ParentIndex: 49
BoneChildCount: 1
51
-0.026791 0.998188 0.053884 0.000000
-0.038188 -0.054886 0.997762 0.000000
0.998911 0.024673 0.039589 -0.000000
0.092948 -0.996746 -1.451123 1.000000
1.000000 0.000000 -0.000000 0.000000
0.000000 1.000000 -0.000000 0.000000
-0.000000 -0.000000 1.000000 -0.000000
0.000000 0.000000 -0.000000 1.000000
BoneName: mixamorig:LeftHandMiddle3_$AssimpFbx$_Translation
BoneIndex: 51
ParentIndex: 50
BoneChildCount: 1
52
1.000000 0.000000 0.000000 0.000000
0.000000 1.000000 0.000000 0.000000
0.000000 0.000000 1.000000 0.000000
0.000000 0.000000 0.000000 1.000000
1.000000 0.000000 -0.000000 0.000000
0.000000 1.000000 -0.000000 0.000000
-0.000000 -0.000000 1.000000 -0.000000
0.000046 0.052028 -0.000000 1.000000
BoneName: mixamorig:LeftHandMiddle3_$AssimpFbx$_PreRotation
BoneIndex: 52
ParentIndex: 51
BoneChildCount: 1
53
1.000000 0.000000 0.000000 0.000000
0.000000 1.000000 0.000000 0.000000
0.000000 0.000000 1.000000 0.000000
0.000000 0.000000 0.000000 1.000000
1.000000 0.000000 -0.000000 0.000000
0.000000 0.999869 -0.016204 0.000000
-0.000000 0.016204 0.999869 -0.000000
0.000000 0.000000 -0.000000 1.000000
BoneName: mixamorig:LeftHandMiddle3
BoneIndex: 53
ParentIndex: 52
BoneChildCount: 1
54
-0.026791 0.997184 0.070051 0.000000
-0.038188 -0.071046 0.996742 0.000000
0.998911 0.024029 0.039983 -0.000000
0.092902 -1.025122 -1.467927 1.000000
1.000000 0.000000 -0.000000 0.000000
0.000000 1.000000 -0.000000 0.000000
-0.000000 -0.000000 1.000000 -0.000000
0.000000 0.000000 -0.000000 1.000000
BoneName: mixamorig:LeftHandMiddle4
BoneIndex: 54
ParentIndex: 53
BoneChildCount: 0
1.000000 0.000000 0.000000 0.000000
0.000000 1.000000 0.000000 0.000000
0.000000 0.000000 1.000000 0.000000
0.000000 0.000000 0.000000 1.000000
1.000000 0.000000 -0.000000 0.000000
0.000000 1.000000 -0.000000 0.000000
-0.000000 -0.000000 1.000000 -0.000000
0.000065 0.044565 0.000000 1.000000
BoneName: mixamorig:LeftHandRing1_$AssimpFbx$_Translation
BoneIndex: 55
ParentIndex: 24
BoneChildCount: 1
56
1.000000 0.000000 0.000000 0.000000
0.000000 1.000000 0.000000 0.000000
0.000000 0.000000 1.000000 0.000000
0.000000 0.000000 0.000000 1.000000
1.000000 0.000000 -0.000000 0.000000
0.000000 1.000000 -0.000000 0.000000
-0.000000 -0.000000 1.000000 -0.000000
0.020705 0.122816 0.001835 1.000000
BoneName: mixamorig:LeftHandRing1_$AssimpFbx$_PreRotation
BoneIndex: 56
ParentIndex: 55
BoneChildCount: 1
57
1.000000 0.000000 0.000000 0.000000
0.000000 1.000000 0.000000 0.000000
0.000000 0.000000 1.000000 0.000000
0.000000 0.000000 0.000000 1.000000
0.999928 0.011959 -0.000000 0.000000
-0.011956 0.999697 0.021516 0.000000
0.000257 -0.021514 0.999768 -0.000000
0.000000 0.000000 -0.000000 1.000000
BoneName: mixamorig:LeftHandRing1
BoneIndex: 57
ParentIndex: 56
BoneChildCount: 1
58
-0.015313 0.997890 -0.063095 0.000000
-0.037719 0.062481 0.997333 0.000000
0.999171 0.017653 0.036683 -0.000000
0.042032 -1.107447 -1.326082 1.000000
1.000000 0.000000 -0.000000 0.000000
0.000000 1.000000 -0.000000 0.000000
-0.000000 -0.000000 1.000000 -0.000000
0.000000 0.000000 -0.000000 1.000000
BoneName: mixamorig:LeftHandRing2_$AssimpFbx$_Translation
BoneIndex: 58
ParentIndex: 57
BoneChildCount: 1
59
1.000000 0.000000 0.000000 0.000000
0.000000 1.000000 0.000000 0.000000
0.000000 0.000000 1.000000 0.000000
0.000000 0.000000 0.000000 1.000000
1.000000 0.000000 -0.000000 0.000000
0.000000 1.000000 -0.000000 0.000000
-0.000000 -0.000000 1.000000 -0.000000
-0.000124 0.046914 0.000000 1.000000
BoneName: mixamorig:LeftHandRing2_$AssimpFbx$_PreRotation
BoneIndex: 59
ParentIndex: 58
BoneChildCount: 1
60
1.000000 0.000000 0.000000 0.000000
0.000000 1.000000 0.000000 0.000000
0.000000 0.000000 1.000000 0.000000
0.000000 0.000000 0.000000 1.000000
1.000000 0.000000 -0.000000 0.000000
0.000000 0.998067 -0.062149 0.000000
-0.000000 0.062149 0.998067 -0.000000
0.000000 0.000000 -0.000000 1.000000
BoneName: mixamorig:LeftHandRing2
BoneIndex: 60
ParentIndex: 59
BoneChildCount: 1
61
-0.015313 0.999882 -0.000956 0.000000
-0.037719 0.000377 0.999288 0.000000
0.999171 0.015339 0.037709 -0.000000
0.042156 -1.069715 -1.395261 1.000000
1.000000 0.000000 -0.000000 0.000000
0.000000 1.000000 -0.000000 0.000000
-0.000000 -0.000000 1.000000 -0.000000
0.000000 0.000000 -0.000000 1.000000
BoneName: mixamorig:LeftHandRing3_$AssimpFbx$_Translation
BoneIndex: 61
ParentIndex: 60
BoneChildCount: 1
62
1.000000 0.000000 0.000000 0.000000
0.000000 1.000000 0.000000 0.000000
0.000000 0.000000 1.000000 0.000000
0.000000 0.000000 0.000000 1.000000
1.000000 0.000000 -0.000000 0.000000
0.000000 1.000000 -0.000000 0.000000
-0.000000 -0.000000 1.000000 -0.000000
-0.000021 0.045183 0.000000 1.000000
BoneName: mixamorig:LeftHandRing3_$AssimpFbx$_PreRotation
BoneIndex: 62
ParentIndex: 61
BoneChildCount: 1
63
1.000000 0.000000 0.000000 0.000000
0.000000 1.000000 0.000000 0.000000
0.000000 0.000000 1.000000 0.000000
0.000000 0.000000 0.000000 1.000000
1.000000 0.000000 -0.000000 0.000000
0.000000 0.991095 -0.133157 0.000000
-0.000000 0.133157 0.991095 -0.000000
0.000000 0.000000 -0.000000 1.000000
BoneName: mixamorig:LeftHandRing3
BoneIndex: 63
ParentIndex: 62
BoneChildCount: 1
64
-0.015313 0.991105 0.132194 0.000000
-0.037719 -0.132688 0.990440 0.000000
0.999171 0.010181 0.039415 -0.000000
0.042177 -0.919180 -1.531292 1.000000
1.000000 0.000000 -0.000000 0.000000
0.000000 1.000000 -0.000000 0.000000
-0.000000 -0.000000 1.000000 -0.000000
0.000000 0.000000 -0.000000 1.000000
BoneName: mixamorig:LeftHandRing4
BoneIndex: 64
ParentIndex: 63
BoneChildCount: 0
1.000000 0.000000 0.000000 0.000000
0.000000 1.000000 0.000000 0.000000
0.000000 0.000000 1.000000 0.000000
0.000000 0.000000 0.000000 1.000000
1.000000 0.000000 -0.000000 0.000000
0.000000 1.000000 -0.000000 0.000000
-0.000000 -0.000000 1.000000 -0.000000
0.000146 0.035681 -0.000000 1.000000
BoneName: mixamorig:LeftHandPinky1_$AssimpFbx$_Translation
BoneIndex: 65
ParentIndex: 24
BoneChildCount: 1
66
1.000000 0.000000 0.000000 0.000000
0.000000 1.000000 0.000000 0.000000
0.000000 0.000000 1.000000 0.000000
0.000000 0.000000 0.000000 1.000000
1.000000 0.000000 -0.000000 0.000000
0.000000 1.000000 -0.000000 0.000000
-0.000000 -0.000000 1.000000 -0.000000
0.054277 0.114116 -0.002771 1.000000
BoneName: mixamorig:LeftHandPinky1_$AssimpFbx$_PreRotation
BoneIndex: 66
ParentIndex: 65
BoneChildCount: 1
67
1.000000 0.000000 0.000000 0.000000
0.000000 1.000000 0.000000 0.000000
0.000000 0.000000 1.000000 0.000000
0.000000 0.000000 0.000000 1.000000
0.999875 0.015796 -0.000000 0.000000
-0.015795 0.999827 0.009802 0.000000
0.000155 -0.009801 0.999952 -0.000000
0.000000 0.000000 -0.000000 1.000000
BoneName: mixamorig:LeftHandPinky1
BoneIndex: 67
ParentIndex: 66
BoneChildCount: 1
68
-0.011479 0.998612 -0.051402 0.000000
-0.037561 0.050938 0.997995 0.000000
0.999228 0.013387 0.036924 -0.000000
0.004461 -1.082715 -1.334448 1.000000
1.000000 0.000000 -0.000000 0.000000
0.000000 1.000000 -0.000000 0.000000
-0.000000 -0.000000 1.000000 -0.000000
0.000000 0.000000 -0.000000 1.000000
BoneName: mixamorig:LeftHandPinky2_$AssimpFbx$_Translation
BoneIndex: 68
ParentIndex: 67
BoneChildCount: 1
69
1.000000 0.000000 0.000000 0.000000
0.000000 1.000000 0.000000 0.000000
0.000000 0.000000 1.000000 0.000000
0.000000 0.000000 0.000000 1.000000
1.000000 0.000000 -0.000000 0.000000
0.000000 1.000000 -0.000000 0.000000
-0.000000 -0.000000 1.000000 -0.000000
-0.000033 0.044523 -0.000000 1.000000
BoneName: mixamorig:LeftHandPinky2_$AssimpFbx$_PreRotation
BoneIndex: 69
ParentIndex: 68
BoneChildCount: 1
70
1.000000 0.000000 0.000000 0.000000
0.000000 1.000000 0.000000 0.000000
0.000000 0.000000 1.000000 0.000000
0.000000 0.000000 0.000000 1.000000
1.000000 0.000000 -0.000000 0.000000
0.000000 0.999168 -0.040776 0.000000
-0.000000 0.040776 0.999168 -0.000000
0.000000 0.000000 -0.000000 1.000000
BoneName: mixamorig:LeftHandPinky2
BoneIndex: 70
ParentIndex: 69
BoneChildCount: 1
71
-0.011479 0.999878 -0.010640 0.000000
-0.037561 0.010202 0.999242 0.000000
0.999228 0.011870 0.037440 -0.000000
0.004494 -1.071887 -1.379302 1.000000
1.000000 0.000000 -0.000000 0.000000
0.000000 1.000000 -0.000000 0.000000
-0.000000 -0.000000 1.000000 -0.000000
0.000000 0.000000 -0.000000 1.000000
BoneName: mixamorig:LeftHandPinky3_$AssimpFbx$_Translation
BoneIndex: 71
ParentIndex: 70
BoneChildCount: 1
72
1.000000 0.000000 0.000000 0.000000
0.000000 1.000000 0.000000 0.000000
0.000000 0.000000 1.000000 0.000000
0.000000 0.000000 0.000000 1.000000
1.000000 0.000000 -0.000000 0.000000
0.000000 1.000000 -0.000000 0.000000
-0.000000 -0.000000 1.000000 -0.000000
0.000027 0.035366 0.000000 1.000000
BoneName: mixamorig:LeftHandPinky3_$AssimpFbx$_PreRotation
BoneIndex: 72
ParentIndex: 71
BoneChildCount: 1
73
1.000000 0.000000 0.000000 0.000000
0.000000 1.000000 0.000000 0.000000
0.000000 0.000000 1.000000 0.000000
0.000000 0.000000 0.000000 1.000000
1.000000 0.000000 -0.000000 0.000000
0.000000 0.999897 0.014386 0.000000
-0.000000 -0.014386 0.999897 -0.000000
0.000000 0.000000 -0.000000 1.000000
BoneName: mixamorig:LeftHandPinky3
BoneIndex: 73
ParentIndex: 72
BoneChildCount: 1
74
-0.011479 0.999621 -0.025023 0.000000
-0.037561 0.024576 0.998992 0.000000
0.999228 0.012408 0.037265 -0.000000
0.004467 -1.126982 -1.363230 1.000000
1.000000 0.000000 -0.000000 0.000000
0.000000 1.000000 -0.000000 0.000000
-0.000000 -0.000000 1.000000 -0.000000
0.000000 0.000000 -0.000000 1.000000
BoneName: mixamorig:LeftHandPinky4
BoneIndex: 74
ParentIndex: 73
BoneChildCount: 0
1.000000 0.000000 0.000000 0.000000
0.000000 1.000000 0.000000 0.000000
0.000000 0.000000 1.000000 0.000000
0.000000 0.000000 0.000000 1.000000
1.000000 0.000000 -0.000000 0.000000
0.000000 1.000000 -0.000000 0.000000
-0.000000 -0.000000 1.000000 -0.000000
0.000006 0.028235 0.000000 1.000000
BoneName: mixamorig:RightShoulder_$AssimpFbx$_Translation
BoneIndex: 75
ParentIndex: 7
BoneChildCount: 1
76
1.000000 0.000000 0.000000 0.000000
0.000000 1.000000 0.000000 0.000000
0.000000 0.000000 1.000000 0.000000
0.000000 0.000000 0.000000 1.000000
1.000000 0.000000 -0.000000 0.000000
0.000000 1.000000 -0.000000 0.000000
-0.000000 -0.000000 1.000000 -0.000000
-0.116466 0.186929 0.004305 1.000000
BoneName: mixamorig:RightShoulder_$AssimpFbx$_PreRotation
BoneIndex: 76
ParentIndex: 75
BoneChildCount: 1
77
1.000000 0.000000 0.000000 0.000000
0.000000 1.000000 0.000000 0.000000
0.000000 0.000000 1.000000 0.000000
0.000000 0.000000 0.000000 1.000000
-0.035642 0.000807 -0.999364 0.000000
-0.960709 -0.275461 0.034040 0.000000
-0.275258 0.961312 0.010594 -0.000000
0.000000 0.000000 -0.000000 1.000000
BoneName: mixamorig:RightShoulder
BoneIndex: 77
ParentIndex: 76
BoneChildCount: 1
78
-0.035642 -0.960709 -0.275259 0.000000
0.118034 -0.277552 0.953432 0.000000
-0.992370 0.001492 0.123289 -0.000000
-0.163404 0.297589 -1.440607 1.000000
1.000000 0.000000 -0.000000 0.000000
0.000000 1.000000 -0.000000 0.000000
-0.000000 -0.000000 1.000000 -0.000000
0.000000 0.000000 -0.000000 1.000000
BoneName: mixamorig:RightArm_$AssimpFbx$_Translation
BoneIndex: 78
ParentIndex: 77
BoneChildCount: 1
79
1.000000 0.000000 0.000000 0.000000
0.000000 1.000000 0.000000 0.000000
0.000000 0.000000 1.000000 0.000000
0.000000 0.000000 0.000000 1.000000
1.000000 0.000000 -0.000000 0.000000
0.000000 1.000000 -0.000000 0.000000
-0.000000 -0.000000 1.000000 -0.000000
0.000000 0.244557 0.000000 1.000000
BoneName: mixamorig:RightArm_$AssimpFbx$_PreRotation
BoneIndex: 79
ParentIndex: 78
BoneChildCount: 1
80
1.000000 0.000000 0.000000 0.000000
0.000000 1.000000 0.000000 0.000000
0.000000 0.000000 1.000000 0.000000
0.000000 0.000000 0.000000 1.000000
0.997770 -0.066750 -0.000000 0.000000
0.065723 0.982410 0.174787 0.000000
-0.011667 -0.174397 0.984606 -0.000000
0.000000 0.000000 -0.000000 1.000000
BoneName: mixamorig:RightArm
BoneIndex: 80
ParentIndex: 79
BoneChildCount: 1
81
0.028565 -0.994265 -0.103061 0.000000
0.136298 -0.098266 0.985782 0.000000
-0.990256 -0.042206 0.132709 -0.000000
-0.166579 -0.210438 -1.425773 1.000000
1.000000 0.000000 -0.000000 0.000000
0.000000 1.000000 -0.000000 0.000000
-0.000000 -0.000000 1.000000 -0.000000
0.000000 0.000000 -0.000000 1.000000
BoneName: mixamorig:RightForeArm_$AssimpFbx$_Translation
BoneIndex: 81
ParentIndex: 80
BoneChildCount: 1
82
1.000000 0.000000 0.000000 0.000000
0.000000 1.000000 0.000000 0.000000
0.000000 0.000000 1.000000 0.000000
0.000000 0.000000 0.000000 1.000000
1.000000 0.000000 -0.000000 0.000000
0.000000 1.000000 -0.000000 0.000000
-0.000000 -0.000000 1.000000 -0.000000
-0.000000 0.227594 -0.000000 1.000000
BoneName: mixamorig:RightForeArm_$AssimpFbx$_PreRotation
BoneIndex: 82
ParentIndex: 81
BoneChildCount: 1
83
1.000000 0.000000 0.000000 0.000000
0.000000 1.000000 0.000000 0.000000
0.000000 0.000000 1.000000 0.000000
0.000000 0.000000 0.000000 1.000000
0.999838 0.017999 -0.000000 0.000000
-0.017893 0.993958 0.108291 0.000000
0.001949 -0.108273 0.994119 -0.000000
0.000000 0.000000 -0.000000 1.000000
BoneName: mixamorig:RightForeArm
BoneIndex: 83
ParentIndex: 82
BoneChildCount: 1
84
0.010665 -0.999929 0.005253 0.000000
0.134507 0.006640 0.990890 0.000000
-0.990855 -0.009861 0.134568 -0.000000
-0.174437 -0.586803 -1.370286 1.000000
1.000000 0.000000 -0.000000 0.000000
0.000000 1.000000 -0.000000 0.000000
-0.000000 -0.000000 1.000000 -0.000000
0.000000 0.000000 -0.000000 1.000000
BoneName: mixamorig:RightHand_$AssimpFbx$_Translation
BoneIndex: 84
ParentIndex: 83
BoneChildCount: 1
85
1.000000 0.000000 0.000000 0.000000
0.000000 1.000000 0.000000 0.000000
0.000000 0.000000 1.000000 0.000000
0.000000 0.000000 0.000000 1.000000
1.000000 0.000000 -0.000000 0.000000
0.000000 1.000000 -0.000000 0.000000
-0.000000 -0.000000 1.000000 -0.000000
0.000000 0.322381 -0.000000 1.000000
BoneName: mixamorig:RightHand_$AssimpFbx$_PreRotation
BoneIndex: 85
ParentIndex: 84
BoneChildCount: 1
86
1.000000 0.000000 0.000000 0.000000
0.000000 1.000000 0.000000 0.000000
0.000000 0.000000 1.000000 0.000000
0.000000 0.000000 0.000000 1.000000
0.995527 0.030870 -0.089292 0.000000
-0.027459 0.998855 0.039173 0.000000
0.090399 -0.036546 0.995235 -0.000000
0.000000 0.000000 -0.000000 1.000000
BoneName: mixamorig:RightHand
BoneIndex: 86
ParentIndex: 85
BoneChildCount: 5
87
97
107
117
127
-0.020719 -0.998872 0.042736 0.000000
0.045632 0.041755 0.998085 0.000000
-0.998743 0.022630 0.044715 -0.000000
-0.079367 -0.957031 -1.346299 1.000000
1.000000 0.000000 -0.000000 0.000000
0.000000 1.000000 -0.000000 0.000000
-0.000000 -0.000000 1.000000 -0.000000
0.000000 0.000000 -0.000000 1.000000
BoneName: mixamorig:RightHandThumb1_$AssimpFbx$_Translation
BoneIndex: 87
ParentIndex: 86
BoneChildCount: 1
88
1.000000 0.000000 0.000000 0.000000
0.000000 1.000000 0.000000 0.000000
0.000000 0.000000 1.000000 0.000000
0.000000 0.000000 0.000000 1.000000
1.000000 0.000000 -0.000000 0.000000
0.000000 1.000000 -0.000000 0.000000
-0.000000 -0.000000 1.000000 -0.000000
0.046942 0.038493 -0.026849 1.000000
BoneName: mixamorig:RightHandThumb1_$AssimpFbx$_PreRotation
BoneIndex: 88
ParentIndex: 87
BoneChildCount: 1
89
1.000000 0.000000 0.000000 0.000000
0.000000 1.000000 0.000000 0.000000
0.000000 0.000000 1.000000 0.000000
0.000000 0.000000 0.000000 1.000000
0.787452 -0.616376 -0.000000 0.000000
0.561414 0.717235 -0.412781 0.000000
0.254428 0.325045 0.910830 -0.000000
0.000000 0.000000 -0.000000 1.000000
BoneName: mixamorig:RightHandThumb1
BoneIndex: 89
ParentIndex: 88
BoneChildCount: 1
90
0.599365 -0.745698 -0.291025 0.000000
0.010196 -0.356424 0.934269 0.000000
-0.800411 -0.562936 -0.206025 -0.000000
0.514155 -0.240293 -1.557521 1.000000
1.000000 0.000000 -0.000000 0.000000
0.000000 1.000000 -0.000000 0.000000
-0.000000 -0.000000 1.000000 -0.000000
0.000000 0.000000 -0.000000 1.000000
BoneName: mixamorig:RightHandThumb2_$AssimpFbx$_Translation
BoneIndex: 90
ParentIndex: 89
BoneChildCount: 1
91
1.000000 0.000000 0.000000 0.000000
0.000000 1.000000 0.000000 0.000000
0.000000 0.000000 1.000000 0.000000
0.000000 0.000000 0.000000 1.000000
1.000000 0.000000 -0.000000 0.000000
0.000000 1.000000 -0.000000 0.000000
-0.000000 -0.000000 1.000000 -0.000000
0.010591 0.052036 -0.000000 1.000000
BoneName: mixamorig:RightHandThumb2_$AssimpFbx$_PreRotation
BoneIndex: 91
ParentIndex: 90
BoneChildCount: 1
92
1.000000 0.000000 0.000000 0.000000
0.000000 1.000000 0.000000 0.000000
0.000000 0.000000 1.000000 0.000000
0.000000 0.000000 0.000000 1.000000
1.000000 0.000000 -0.000000 0.000000
0.000000 0.994740 0.102432 0.000000
-0.000000 -0.102432 0.994740 -0.000000
0.000000 0.000000 -0.000000 1.000000
BoneName: mixamorig:RightHandThumb2
BoneIndex: 92
ParentIndex: 91
BoneChildCount: 1
93
0.599365 -0.771586 -0.213111 0.000000
0.010196 -0.258850 0.965864 0.000000
-0.800411 -0.581078 -0.147279 -0.000000
0.503564 -0.450331 -1.519385 1.000000
1.000000 0.000000 -0.000000 0.000000
0.000000 1.000000 -0.000000 0.000000
-0.000000 -0.000000 1.000000 -0.000000
0.000000 0.000000 -0.000000 1.000000
BoneName: mixamorig:RightHandThumb3_$AssimpFbx$_Translation
BoneIndex: 93
ParentIndex: 92
BoneChildCount: 1
94
1.000000 0.000000 0.000000 0.000000
0.000000 1.000000 0.000000 0.000000
0.000000 0.000000 1.000000 0.000000
0.000000 0.000000 0.000000 1.000000
1.000000 0.000000 -0.000000 0.000000
0.000000 1.000000 -0.000000 0.000000
-0.000000 -0.000000 1.000000 -0.000000
-0.001764 0.052466 0.000000 1.000000
BoneName: mixamorig:RightHandThumb3_$AssimpFbx$_PreRotation
BoneIndex: 94
ParentIndex: 93
BoneChildCount: 1
95
1.000000 0.000000 0.000000 0.000000
0.000000 1.000000 0.000000 0.000000
0.000000 0.000000 1.000000 0.000000
0.000000 0.000000 0.000000 1.000000
1.000000 0.000000 -0.000000 0.000000
0.000000 0.995863 -0.090864 0.000000
-0.000000 0.090864 0.995863 -0.000000
0.000000 0.000000 -0.000000 1.000000
BoneName: mixamorig:RightHandThumb3
BoneIndex: 95
ParentIndex: 94
BoneChildCount: 1
96
0.599365 -0.749030 -0.282339 0.000000
0.010196 -0.345542 0.938348 0.000000
-0.800411 -0.565292 -0.199469 -0.000000
0.505327 -0.362659 -1.558786 1.000000
1.000000 0.000000 -0.000000 0.000000
0.000000 1.000000 -0.000000 0.000000
-0.000000 -0.000000 1.000000 -0.000000
0.000000 0.000000 -0.000000 1.000000
BoneName: mixamorig:RightHandThumb4
BoneIndex: 96
ParentIndex: 95
BoneChildCount: 0
1.000000 0.000000 0.000000 0.000000
0.000000 1.000000 0.000000 0.000000
0.000000 0.000000 1.000000 0.000000
0.000000 0.000000 0.000000 1.000000
1.000000 0.000000 -0.000000 0.000000
0.000000 1.000000 -0.000000 0.000000
-0.000000 -0.000000 1.000000 -0.000000
-0.008827 0.039548 0.000000 1.000000
BoneName: mixamorig:RightHandIndex1_$AssimpFbx$_Translation
BoneIndex: 97
ParentIndex: 86
BoneChildCount: 1
98
1.000000 0.000000 0.000000 0.000000
0.000000 1.000000 0.000000 0.000000
0.000000 0.000000 1.000000 0.000000
0.000000 0.000000 0.000000 1.000000
1.000000 0.000000 -0.000000 0.000000
0.000000 1.000000 -0.000000 0.000000
-0.000000 -0.000000 1.000000 -0.000000
0.056009 0.122284 -0.000089 1.000000
BoneName: mixamorig:RightHandIndex1_$AssimpFbx$_PreRotation
BoneIndex: 98
ParentIndex: 97
BoneChildCount: 1
99
1.000000 0.000000 0.000000 0.000000
0.000000 1.000000 0.000000 0.000000
0.000000 0.000000 1.000000 0.000000
0.000000 0.000000 0.000000 1.000000
0.999912 -0.013301 -0.000000 0.000000
0.013247 0.995913 -0.089340 0.000000
0.001188 0.089332 0.996001 -0.000000
0.000000 0.000000 -0.000000 1.000000
BoneName: mixamorig:RightHandIndex1
BoneIndex: 99
ParentIndex: 98
BoneChildCount: 1
100
-0.007432 -0.998882 -0.046691 0.000000
0.045073 -0.046979 0.997878 0.000000
-0.998956 0.005311 0.045371 -0.000000
-0.121008 -0.956428 -1.437404 1.000000
1.000000 0.000000 -0.000000 0.000000
0.000000 1.000000 -0.000000 0.000000
-0.000000 -0.000000 1.000000 -0.000000
0.000000 0.000000 -0.000000 1.000000
BoneName: mixamorig:RightHandIndex2_$AssimpFbx$_Translation
BoneIndex: 100
ParentIndex: 99
BoneChildCount: 1
101
1.000000 0.000000 0.000000 0.000000
0.000000 1.000000 0.000000 0.000000
0.000000 0.000000 1.000000 0.000000
0.000000 0.000000 0.000000 1.000000
1.000000 0.000000 -0.000000 0.000000
0.000000 1.000000 -0.000000 0.000000
-0.000000 -0.000000 1.000000 -0.000000
-0.000103 0.047640 -0.000000 1.000000
BoneName: mixamorig:RightHandIndex2_$AssimpFbx$_PreRotation
BoneIndex: 101
ParentIndex: 100
BoneChildCount: 1
102
1.000000 0.000000 0.000000 0.000000
0.000000 1.000000 0.000000 0.000000
