BoneCount: 67
RootBone: 0
BoneName: RootNode
BoneIndex: 0
ParentIndex: -1
BoneChildCount: 2
1
2
1.000000 0.000000 0.000000 0.000000
0.000000 1.000000 0.000000 0.000000
0.000000 0.000000 1.000000 0.000000
0.000000 0.000000 0.000000 1.000000
1.000000 0.000000 -0.000000 0.000000
0.000000 1.000000 -0.000000 0.000000
-0.000000 -0.000000 1.000000 -0.000000
0.000000 0.000000 -0.000000 1.000000
BoneName: Ch46
BoneIndex: 1
ParentIndex: 0
BoneChildCount: 0
1.000000 0.000000 0.000000 0.000000
0.000000 1.000000 0.000000 0.000000
0.000000 0.000000 1.000000 0.000000
0.000000 0.000000 0.000000 1.000000
1.000000 0.000000 -0.000000 0.000000
0.000000 1.000000 -0.000000 0.000000
-0.000000 -0.000000 1.000000 -0.000000
0.000000 0.000000 -0.000000 1.000000
BoneName: mixamorig:Hips
BoneIndex: 2
ParentIndex: 0
BoneChildCount: 3
3
57
62
1.000000 0.000000 -0.000000 0.000000
0.000000 1.000000 -0.000000 0.000000
-0.000000 0.000000 1.000000 -0.000000
-0.000010 -0.697715 -0.008545 1.000000
1.000000 0.000000 -0.000000 0.000000
0.000000 1.000000 -0.000000 0.000000
-0.000000 -0.000000 1.000000 -0.000000
0.000010 0.697715 0.008545 1.000000
BoneName: mixamorig:Spine
BoneIndex: 3
ParentIndex: 2
BoneChildCount: 1
4
1.000000 0.000000 -0.000000 0.000000
0.000000 0.999144 -0.041365 0.000000
-0.000000 0.041365 0.999144 -0.000000
-0.000010 -0.737175 0.019222 1.000000
1.000000 0.000000 -0.000000 0.000000
0.000000 0.999144 0.041365 0.000000
-0.000000 -0.041365 0.999144 -0.000000
0.000000 0.039624 0.002743 1.000000
BoneName: mixamorig:Spine1
BoneIndex: 4
ParentIndex: 3
BoneChildCount: 1
5
1.000000 0.000000 -0.000000 0.000000
0.000000 0.999144 -0.041365 0.000000
-0.000000 0.041365 0.999144 -0.000000
-0.000010 -0.878408 0.021866 1.000000
1.000000 0.000000 -0.000000 0.000000
0.000000 1.000000 -0.000000 0.000000
-0.000000 -0.000000 1.000000 -0.000000
0.000000 0.141233 -0.002644 1.000000
BoneName: mixamorig:Spine2
BoneIndex: 5
ParentIndex: 4
BoneChildCount: 3
6
9
33
1.000000 0.000000 -0.000000 0.000000
0.000000 0.999144 -0.041365 0.000000
-0.000000 0.041365 0.999144 -0.000000
-0.000010 -0.992453 0.022927 1.000000
1.000000 0.000000 -0.000000 0.000000
0.000000 1.000000 -0.000000 0.000000
-0.000000 -0.000000 1.000000 -0.000000
0.000000 0.114045 -0.001061 1.000000
BoneName: mixamorig:Neck
BoneIndex: 6
ParentIndex: 5
BoneChildCount: 1
7
1.000000 0.000000 -0.000000 0.000000
0.000000 1.000000 -0.000000 0.000000
-0.000000 0.000000 1.000000 -0.000000
-0.000010 -1.091934 -0.022260 1.000000
1.000000 0.000000 -0.000000 0.000000
0.000000 0.999144 -0.041365 0.000000
-0.000000 0.041365 0.999144 -0.000000
0.000000 0.099467 0.000000 1.000000
BoneName: mixamorig:Head
BoneIndex: 7
ParentIndex: 6
BoneChildCount: 1
8
1.000000 0.000000 -0.000000 0.000000
0.000000 1.000000 -0.000000 0.000000
-0.000000 0.000000 1.000000 -0.000000
-0.000010 -1.177725 -0.021118 1.000000
1.000000 0.000000 -0.000000 0.000000
0.000000 1.000000 -0.000000 0.000000
-0.000000 -0.000000 1.000000 -0.000000
0.000000 0.085791 -0.001142 1.000000
BoneName: mixamorig:HeadTop_End
BoneIndex: 8
ParentIndex: 7
BoneChildCount: 0
1.000000 0.000000 0.000000 0.000000
0.000000 1.000000 0.000000 0.000000
0.000000 0.000000 1.000000 0.000000
0.000000 0.000000 0.000000 1.000000
1.000000 0.000000 -0.000000 0.000000
0.000000 1.000000 -0.000000 0.000000
-0.000000 -0.000000 1.000000 -0.000000
0.000000 0.250891 -0.003339 1.000000
BoneName: mixamorig:LeftShoulder
BoneIndex: 9
ParentIndex: 5
BoneChildCount: 1
10
-0.013144 0.971719 0.235776 0.000000
-0.041484 -0.236123 0.970837 0.000000
0.999053 0.002980 0.043414 -0.000000
0.023046 0.214230 -1.060833 1.000000
-0.013144 -0.000122 0.999914 0.000000
0.971719 -0.235798 0.012745 0.000000
0.235776 0.971802 0.003218 -0.000000
0.042241 0.088984 0.000566 1.000000
BoneName: mixamorig:LeftArm
BoneIndex: 10
ParentIndex: 9
BoneChildCount: 1
11
0.020607 0.999771 0.005851 0.000000
-0.049658 -0.004822 0.998755 0.000000
0.998554 -0.020872 0.049547 -0.000000
0.027395 -0.122739 -1.061066 1.000000
0.999397 0.034726 -0.000000 0.000000
-0.033794 0.972572 0.230134 0.000000
0.007992 -0.229995 0.973159 -0.000000
-0.000000 0.088610 0.000000 1.000000
BoneName: mixamorig:LeftForeArm
BoneIndex: 11
ParentIndex: 10
BoneChildCount: 1
12
0.043532 0.998869 -0.019099 0.000000
-0.049756 0.021261 0.998535 0.000000
0.997812 -0.042518 0.050625 -0.000000
0.020220 -0.339437 -1.052918 1.000000
0.999737 0.022936 0.000000 0.000000
-0.022928 0.999425 0.024973 0.000000
0.000573 -0.024966 0.999688 -0.000000
-0.000000 0.189752 -0.000000 1.000000
BoneName: mixamorig:LeftHand
BoneIndex: 12
ParentIndex: 11
BoneChildCount: 5
13
17
21
25
29
-0.003250 0.998929 -0.046153 0.000000
-0.000681 0.046151 0.998934 0.000000
0.999995 0.003278 0.000530 -0.000000
-0.007833 -0.565375 -1.038849 1.000000
0.997699 -0.045778 0.050007 0.000000
0.044460 0.998642 0.027170 0.000000
-0.051183 -0.024884 0.998379 -0.000000
-0.000000 0.198960 -0.000000 1.000000
BoneName: mixamorig:LeftHandThumb1
BoneIndex: 13
ParentIndex: 12
BoneChildCount: 1
14
0.589745 0.763915 0.261981 0.000000
0.026819 -0.342745 0.939045 0.000000
0.807144 -0.546772 -0.222620 -0.000000
-0.337450 -0.056573 -1.132096 1.000000
0.805205 0.592997 -0.000000 0.000000
-0.549018 0.745487 -0.377926 0.000000
-0.224109 0.304308 0.925836 -0.000000
-0.020889 0.021413 -0.012094 1.000000
BoneName: mixamorig:LeftHandThumb2
BoneIndex: 14
ParentIndex: 13
BoneChildCount: 1
15
0.589745 0.771205 0.239673 0.000000
0.026819 -0.315314 0.948608 0.000000
0.807144 -0.553009 -0.206638 -0.000000
-0.334153 -0.115036 -1.129230 1.000000
1.000000 0.000000 -0.000000 0.000000
0.000000 0.999578 0.029058 0.000000
-0.000000 -0.029058 0.999578 -0.000000
-0.003298 0.025601 0.000000 1.000000
BoneName: mixamorig:LeftHandThumb3
BoneIndex: 15
ParentIndex: 14
BoneChildCount: 1
16
0.589745 0.748870 0.302314 0.000000
0.026819 -0.392296 0.919448 0.000000
0.807144 -0.534132 -0.251438 -0.000000
-0.334922 -0.048913 -1.137110 1.000000
1.000000 0.000000 -0.000000 0.000000
0.000000 0.996609 -0.082279 0.000000
-0.000000 0.082279 0.996609 -0.000000
0.000769 0.027272 0.000000 1.000000
BoneName: mixamorig:LeftHandThumb4
BoneIndex: 16
ParentIndex: 15
BoneChildCount: 0
1.000000 0.000000 0.000000 0.000000
0.000000 1.000000 0.000000 0.000000
0.000000 0.000000 1.000000 0.000000
0.000000 0.000000 0.000000 1.000000
1.000000 0.000000 -0.000000 0.000000
0.000000 1.000000 -0.000000 0.000000
-0.000000 -0.000000 1.000000 -0.000000
0.002529 0.022376 0.000000 1.000000
BoneName: mixamorig:LeftHandIndex1
BoneIndex: 17
ParentIndex: 12
BoneChildCount: 1
18
0.068654 0.997317 0.025389 0.000000
0.002643 -0.025631 0.999668 0.000000
0.997637 -0.068564 -0.004395 -0.000000
-0.027707 -0.558386 -1.081352 1.000000
0.997407 0.071972 -0.000000 0.000000
-0.071787 0.994842 -0.071669 0.000000
-0.005158 0.071483 0.997428 -0.000000
-0.025860 0.069423 -0.000297 1.000000
BoneName: mixamorig:LeftHandIndex2
BoneIndex: 18
ParentIndex: 17
BoneChildCount: 1
19
0.068654 0.997637 0.002625 0.000000
0.002643 -0.002813 0.999993 0.000000
0.997637 -0.068646 -0.002830 -0.000000
-0.027717 -0.611357 -1.067679 1.000000
1.000000 0.000000 -0.000000 0.000000
0.000000 0.999740 0.022819 0.000000
-0.000000 -0.022819 0.999740 -0.000000
0.000010 0.028449 0.000000 1.000000
BoneName: mixamorig:LeftHandIndex3
BoneIndex: 19
ParentIndex: 18
BoneChildCount: 1
20
0.068654 0.997512 0.016040 0.000000
0.002643 -0.016259 0.999864 0.000000
0.997637 -0.068602 -0.003752 -0.000000
-0.027704 -0.623598 -1.076162 1.000000
1.000000 0.000000 -0.000000 0.000000
0.000000 0.999910 -0.013447 0.000000
-0.000000 0.013447 0.999910 -0.000000
-0.000013 0.026655 0.000000 1.000000
BoneName: mixamorig:LeftHandIndex4
BoneIndex: 20
ParentIndex: 19
BoneChildCount: 0
1.000000 0.000000 0.000000 0.000000
0.000000 1.000000 0.000000 0.000000
0.000000 0.000000 1.000000 0.000000
0.000000 0.000000 0.000000 1.000000
1.000000 0.000000 -0.000000 0.000000
0.000000 1.000000 -0.000000 0.000000
-0.000000 -0.000000 1.000000 -0.000000
0.000003 0.022974 0.000000 1.000000
BoneName: mixamorig:LeftHandMiddle1
BoneIndex: 21
ParentIndex: 12
BoneChildCount: 1
22
-0.006423 0.998727 -0.050035 0.000000
-0.000827 0.050030 0.998747 0.000000
0.999979 0.006456 0.000505 -0.000000
0.002330 -0.637679 -1.037479 1.000000
0.999995 -0.003176 -0.000000 0.000000
0.003176 0.999987 0.003887 0.000000
-0.000012 -0.003887 0.999992 -0.000000
-0.008150 0.068272 0.001101 1.000000
BoneName: mixamorig:LeftHandMiddle2
BoneIndex: 22
ParentIndex: 21
BoneChildCount: 1
23
-0.006423 0.999456 0.032359 0.000000
-0.000827 -0.032365 0.999476 0.000000
0.999979 0.006392 0.001035 -0.000000
0.002447 -0.582557 -1.089138 1.000000
1.000000 0.000000 -0.000000 0.000000
0.000000 0.996605 -0.082329 0.000000
-0.000000 0.082329 0.996605 -0.000000
-0.000117 0.032568 -0.000000 1.000000
BoneName: mixamorig:LeftHandMiddle3
BoneIndex: 23
ParentIndex: 22
BoneChildCount: 1
24
-0.006423 0.988962 0.148028 0.000000
-0.000827 -0.148037 0.988982 0.000000
0.999979 0.006229 0.001769 -0.000000
0.002454 -0.483907 -1.153024 1.000000
1.000000 0.000000 -0.000000 0.000000
0.000000 0.993255 -0.115950 0.000000
-0.000000 0.115950 0.993255 -0.000000
-0.000007 0.031779 0.000000 1.000000
BoneName: mixamorig:LeftHandMiddle4
BoneIndex: 24
ParentIndex: 23
BoneChildCount: 0
1.000000 0.000000 0.000000 0.000000
0.000000 1.000000 0.000000 0.000000
0.000000 0.000000 1.000000 0.000000
0.000000 0.000000 0.000000 1.000000
1.000000 0.000000 -0.000000 0.000000
0.000000 1.000000 -0.000000 0.000000
-0.000000 -0.000000 1.000000 -0.000000
0.000124 0.026951 0.000000 1.000000
BoneName: mixamorig:LeftHandRing1
BoneIndex: 25
ParentIndex: 12
BoneChildCount: 1
26
-0.092652 0.991863 -0.087312 0.000000
-0.004809 0.087243 0.996175 0.000000
0.995687 0.092717 -0.003313 -0.000000
0.039922 -0.674624 -1.012003 1.000000
0.995986 -0.089511 -0.000000 0.000000
0.089434 0.995131 0.041422 0.000000
-0.003708 -0.041256 0.999142 -0.000000
0.008988 0.067787 0.000230 1.000000
BoneName: mixamorig:LeftHandRing2
BoneIndex: 26
ParentIndex: 25
BoneChildCount: 1
27
-0.092652 0.995183 -0.032030 0.000000
-0.004809 0.031721 0.999485 0.000000
0.995687 0.092758 0.001847 -0.000000
0.039962 -0.646848 -1.049591 1.000000
1.000000 0.000000 -0.000000 0.000000
0.000000 0.998453 -0.055600 0.000000
-0.000000 0.055600 0.998453 -0.000000
-0.000040 0.029580 0.000000 1.000000
BoneName: mixamorig:LeftHandRing3
BoneIndex: 27
ParentIndex: 26
BoneChildCount: 1
28
-0.092652 0.994949 -0.038637 0.000000
-0.004809 0.038356 0.999253 0.000000
0.995687 0.092768 0.001231 -0.000000
0.039937 -0.681371 -1.045090 1.000000
1.000000 0.000000 -0.000000 0.000000
0.000000 0.999978 0.006640 0.000000
-0.000000 -0.006640 0.999978 -0.000000
0.000025 0.027569 -0.000000 1.000000
BoneName: mixamorig:LeftHandRing4
BoneIndex: 28
ParentIndex: 27
BoneChildCount: 0
1.000000 0.000000 0.000000 0.000000
0.000000 1.000000 0.000000 0.000000
0.000000 0.000000 1.000000 0.000000
0.000000 0.000000 0.000000 1.000000
1.000000 0.000000 -0.000000 0.000000
0.000000 1.000000 -0.000000 0.000000
-0.000000 -0.000000 1.000000 -0.000000
0.000015 0.023346 -0.000000 1.000000
BoneName: mixamorig:LeftHandPinky1
BoneIndex: 29
ParentIndex: 12
BoneChildCount: 1
30
-0.083242 0.996028 -0.031604 0.000000
-0.004375 0.031349 0.999499 0.000000
0.996520 0.083338 0.001748 -0.000000
0.017649 -0.614661 -1.047066 1.000000
0.996788 -0.080088 -0.000000 0.000000
0.080080 0.996681 -0.014610 0.000000
0.001170 0.014563 0.999893 -0.000000
0.025022 0.063908 -0.000875 1.000000
BoneName: mixamorig:LeftHandPinky2
BoneIndex: 30
ParentIndex: 29
BoneChildCount: 1
31
-0.083242 0.996368 -0.017931 0.000000
-0.004375 0.017628 0.999835 0.000000
0.996520 0.083306 0.002891 -0.000000
0.017617 -0.626467 -1.055764 1.000000
1.000000 0.000000 -0.000000 0.000000
0.000000 0.999906 -0.013725 0.000000
-0.000000 0.013725 0.999906 -0.000000
0.000032 0.026237 0.000000 1.000000
BoneName: mixamorig:LeftHandPinky3
BoneIndex: 31
ParentIndex: 30
BoneChildCount: 1
32
-0.083242 0.984331 -0.155443 0.000000
-0.004375 0.155622 0.987807 0.000000
0.996520 0.082907 -0.008648 -0.000000
0.017578 -0.787465 -0.956119 1.000000
1.000000 0.000000 -0.000000 0.000000
0.000000 0.990406 0.138187 0.000000
-0.000000 -0.138187 0.990406 -0.000000
0.000039 0.021321 -0.000000 1.000000
BoneName: mixamorig:LeftHandPinky4
BoneIndex: 32
ParentIndex: 31
BoneChildCount: 0
1.000000 0.000000 0.000000 0.000000
0.000000 1.000000 0.000000 0.000000
0.000000 0.000000 1.000000 0.000000
0.000000 0.000000 0.000000 1.000000
1.000000 0.000000 -0.000000 0.000000
0.000000 1.000000 -0.000000 0.000000
-0.000000 -0.000000 1.000000 -0.000000
-0.000071 0.017932 -0.000000 1.000000
BoneName: mixamorig:RightShoulder
BoneIndex: 33
ParentIndex: 5
BoneChildCount: 1
34
-0.007005 -0.971719 -0.236037 0.000000
0.041436 -0.236122 0.970839 0.000000
-0.999117 -0.002980 0.041918 -0.000000
-0.022998 0.214381 -1.060797 1.000000
-0.007005 0.000072 -0.999975 0.000000
-0.971719 -0.236043 0.006790 0.000000
-0.236037 0.971742 0.001723 -0.000000
-0.042241 0.088973 0.000302 1.000000
BoneName: mixamorig:RightArm
BoneIndex: 34
ParentIndex: 33
BoneChildCount: 1
35
0.016027 -0.999856 -0.005581 0.000000
0.047021 -0.004822 0.998882 0.000000
-0.998765 -0.016272 0.046937 -0.000000
-0.025972 -0.122847 -1.061071 1.000000
0.999719 -0.023700 -0.000000 0.000000
0.023061 0.972766 0.230640 0.000000
-0.005466 -0.230575 0.973039 -0.000000
0.000000 0.088610 0.000000 1.000000
BoneName: mixamorig:RightForeArm
BoneIndex: 35
ParentIndex: 34
BoneChildCount: 1
36
0.046126 -0.998753 0.019084 0.000000
0.047144 0.021259 0.998662 0.000000
-0.997823 -0.045164 0.048066 -0.000000
-0.016549 -0.339325 -1.053014 1.000000
0.999547 -0.030110 -0.000000 0.000000
0.030101 0.999242 0.024690 0.000000
-0.000743 -0.024678 0.999695 -0.000000
0.000000 0.189736 -0.000000 1.000000
BoneName: mixamorig:RightHand
BoneIndex: 36
ParentIndex: 35
BoneChildCount: 5
37
41
45
49
53
-0.007004 -0.998980 0.044615 0.000000
0.003152 0.044593 0.999000 0.000000
-0.999970 0.007137 0.002837 -0.000000
0.002817 -0.563761 -1.039737 1.000000
0.997619 0.052225 -0.045051 0.000000
-0.051098 0.998360 0.025813 0.000000
0.046325 -0.023449 0.998651 -0.000000
-0.000000 0.198983 0.000000 1.000000
BoneName: mixamorig:RightHandThumb1
BoneIndex: 37
ParentIndex: 36
BoneChildCount: 1
38
0.598643 -0.754738 -0.268322 0.000000
-0.024462 -0.352046 0.935663 0.000000
-0.800642 -0.553565 -0.229212 -0.000000
0.339797 -0.042170 -1.131805 1.000000
0.796349 -0.604838 -0.000000 0.000000
0.557725 0.734318 -0.386937 0.000000
0.234034 0.308137 0.922106 -0.000000
0.020620 0.021477 -0.012410 1.000000
BoneName: mixamorig:RightHandThumb2
BoneIndex: 38
ParentIndex: 37
BoneChildCount: 1
39
0.598643 -0.768681 -0.225290 0.000000
-0.024462 -0.298668 0.954044 0.000000
-0.800642 -0.565621 -0.197599 -0.000000
0.337052 -0.131610 -1.126171 1.000000
1.000000 0.000000 -0.000000 0.000000
0.000000 0.998405 0.056449 0.000000
-0.000000 -0.056449 0.998405 -0.000000
0.002744 0.025659 0.000000 1.000000
BoneName: mixamorig:RightHandThumb3
BoneIndex: 39
ParentIndex: 38
BoneChildCount: 1
40
0.598643 -0.749733 -0.282006 0.000000
-0.024462 -0.369007 0.929105 0.000000
-0.800642 -0.549304 -0.239243 -0.000000
0.337819 -0.074457 -1.134888 1.000000
1.000000 0.000000 -0.000000 0.000000
0.000000 0.997214 -0.074600 0.000000
-0.000000 0.074600 0.997214 -0.000000
-0.000767 0.027302 -0.000000 1.000000
BoneName: mixamorig:RightHandThumb4
BoneIndex: 40
ParentIndex: 39
BoneChildCount: 0
1.000000 0.000000 0.000000 0.000000
0.000000 1.000000 0.000000 0.000000
0.000000 0.000000 1.000000 0.000000
0.000000 0.000000 0.000000 1.000000
1.000000 0.000000 -0.000000 0.000000
0.000000 1.000000 -0.000000 0.000000
-0.000000 -0.000000 1.000000 -0.000000
-0.001977 0.022443 -0.000000 1.000000
BoneName: mixamorig:RightHandIndex1
BoneIndex: 41
ParentIndex: 36
BoneChildCount: 1
42
0.072342 -0.997104 -0.023475 0.000000
-0.000399 -0.023565 0.999722 0.000000
-0.997380 -0.072312 -0.002102 -0.000000
0.027556 -0.561727 -1.080073 1.000000
0.996843 -0.079404 -0.000000 0.000000
0.079219 0.994519 -0.068232 0.000000
0.005418 0.068017 0.997669 -0.000000
0.025699 0.070538 -0.000509 1.000000
BoneName: mixamorig:RightHandIndex2
BoneIndex: 42
ParentIndex: 41
BoneChildCount: 1
43
0.072342 -0.997380 0.000127 0.000000
-0.000399 0.000099 1.000000 0.000000
-0.997380 -0.072342 -0.000391 -0.000000
0.027571 -0.615284 -1.065812 1.000000
1.000000 0.000000 -0.000000 0.000000
0.000000 0.999720 0.023664 0.000000
-0.000000 -0.023664 0.999720 -0.000000
-0.000015 0.028163 0.000000 1.000000
BoneName: mixamorig:RightHandIndex3
BoneIndex: 43
ParentIndex: 42
BoneChildCount: 1
44
0.072342 -0.997366 -0.005229 0.000000
-0.000399 -0.005272 0.999986 0.000000
-0.997380 -0.072339 -0.000779 -0.000000
0.027559 -0.635947 -1.069242 1.000000
1.000000 0.000000 -0.000000 0.000000
0.000000 0.999986 -0.005371 0.000000
-0.000000 0.005371 0.999986 -0.000000
0.000012 0.026396 -0.000000 1.000000
BoneName: mixamorig:RightHandIndex4
BoneIndex: 44
ParentIndex: 43
BoneChildCount: 0
1.000000 0.000000 0.000000 0.000000
0.000000 1.000000 0.000000 0.000000
0.000000 0.000000 1.000000 0.000000
0.000000 0.000000 0.000000 1.000000
1.000000 0.000000 -0.000000 0.000000
0.000000 1.000000 -0.000000 0.000000
-0.000000 -0.000000 1.000000 -0.000000
0.000003 0.022415 0.000000 1.000000
BoneName: mixamorig:RightHandMiddle1
BoneIndex: 45
ParentIndex: 36
BoneChildCount: 1
46
0.012543 -0.997858 0.064198 0.000000
0.002279 0.064232 0.997932 0.000000
-0.999919 -0.012370 0.003080 -0.000000
0.007566 -0.654205 -1.028008 1.000000
0.999809 -0.019565 -0.000000 0.000000
0.019561 0.999616 0.019613 0.000000
-0.000384 -0.019609 0.999808 -0.000000
0.007655 0.070182 0.000904 1.000000
BoneName: mixamorig:RightHandMiddle2
BoneIndex: 46
ParentIndex: 45
BoneChildCount: 1
47
0.012543 -0.998348 -0.056063 0.000000
0.002279 -0.056039 0.998426 0.000000
-0.999919 -0.012651 0.001572 -0.000000
0.007481 -0.559217 -1.103123 1.000000
1.000000 0.000000 -0.000000 0.000000
0.000000 0.992767 -0.120054 0.000000
-0.000000 0.120054 0.992767 -0.000000
0.000085 0.033402 -0.000000 1.000000
BoneName: mixamorig:RightHandMiddle3
BoneIndex: 47
ParentIndex: 46
BoneChildCount: 1
48
0.012543 -0.999921 -0.001167 0.000000
0.002279 -0.001138 0.999997 0.000000
-0.999919 -0.012545 0.002265 -0.000000
0.007560 -0.649458 -1.069078 1.000000
1.000000 0.000000 -0.000000 0.000000
0.000000 0.998492 0.054902 0.000000
-0.000000 -0.054902 0.998492 -0.000000
-0.000079 0.030567 0.000000 1.000000
BoneName: mixamorig:RightHandMiddle4
BoneIndex: 48
ParentIndex: 47
BoneChildCount: 0
1.000000 0.000000 0.000000 0.000000
0.000000 1.000000 0.000000 0.000000
0.000000 0.000000 1.000000 0.000000
0.000000 0.000000 0.000000 1.000000
1.000000 0.000000 -0.000000 0.000000
0.000000 1.000000 -0.000000 0.000000
-0.000000 -0.000000 1.000000 -0.000000
-0.000006 0.026395 0.000000 1.000000
BoneName: mixamorig:RightHandRing1
BoneIndex: 49
ParentIndex: 36
BoneChildCount: 1
50
-0.082367 -0.996275 0.025520 0.000000
0.006508 0.025069 0.999665 0.000000
-0.996581 0.082506 0.004419 -0.000000
-0.036051 -0.611882 -1.052877 1.000000
0.997149 0.075460 -0.000000 0.000000
-0.075447 0.996966 -0.019170 0.000000
-0.001447 0.019116 0.999816 -0.000000
-0.008923 0.069111 0.001216 1.000000
BoneName: mixamorig:RightHandRing2
BoneIndex: 50
ParentIndex: 49
BoneChildCount: 1
51
-0.082367 -0.994118 0.070325 0.000000
0.006508 0.070027 0.997524 0.000000
-0.996581 0.082621 0.000702 -0.000000
-0.036021 -0.687849 -1.022961 1.000000
1.000000 0.000000 -0.000000 0.000000
0.000000 0.998987 0.044998 0.000000
-0.000000 -0.044998 0.998987 -0.000000
-0.000030 0.029239 -0.000000 1.000000
BoneName: mixamorig:RightHandRing3
BoneIndex: 51
ParentIndex: 50
BoneChildCount: 1
52
-0.082367 -0.995233 0.052228 0.000000
0.006508 0.051868 0.998633 0.000000
-0.996581 0.082595 0.002205 -0.000000
-0.036047 -0.696300 -1.035800 1.000000
1.000000 0.000000 -0.000000 0.000000
0.000000 0.999834 -0.018193 0.000000
-0.000000 0.018193 0.999834 -0.000000
0.000026 0.027180 0.000000 1.000000
BoneName: mixamorig:RightHandRing4
BoneIndex: 52
ParentIndex: 51
BoneChildCount: 0
1.000000 0.000000 0.000000 0.000000
0.000000 1.000000 0.000000 0.000000
0.000000 0.000000 1.000000 0.000000
0.000000 0.000000 0.000000 1.000000
1.000000 0.000000 -0.000000 0.000000
0.000000 1.000000 -0.000000 0.000000
-0.000000 -0.000000 1.000000 -0.000000
0.000003 0.023796 0.000000 1.000000
BoneName: mixamorig:RightHandPinky1
BoneIndex: 53
ParentIndex: 36
BoneChildCount: 1
54
-0.107718 -0.993374 0.040068 0.000000
0.007633 0.039475 0.999191 0.000000
-0.994152 0.107937 0.003331 -0.000000
-0.036257 -0.623082 -1.041345 1.000000
0.994901 0.100853 -0.000000 0.000000
-0.100852 0.994891 -0.004577 0.000000
-0.000462 0.004554 0.999990 -0.000000
-0.024431 0.064536 -0.001255 1.000000
BoneName: mixamorig:RightHandPinky2
BoneIndex: 54
ParentIndex: 53
BoneChildCount: 1
55
-0.107718 -0.993222 0.043678 0.000000
0.007633 0.043106 0.999041 0.000000
-0.994152 0.107948 0.002938 -0.000000
-0.036230 -0.653141 -1.038978 1.000000
1.000000 0.000000 -0.000000 0.000000
0.000000 0.999993 0.003634 0.000000
-0.000000 -0.003634 0.999993 -0.000000
-0.000026 0.026279 0.000000 1.000000
BoneName: mixamorig:RightHandPinky3
BoneIndex: 55
ParentIndex: 54
BoneChildCount: 1
56
-0.107718 -0.987460 0.115407 0.000000
0.007633 0.115257 0.993306 0.000000
-0.994152 0.107878 -0.004878 -0.000000
-0.036212 -0.747752 -0.987478 1.000000
1.000000 0.000000 -0.000000 0.000000
0.000000 0.997380 0.072333 0.000000
-0.000000 -0.072333 0.997380 -0.000000
-0.000019 0.021225 -0.000000 1.000000
BoneName: mixamorig:RightHandPinky4
BoneIndex: 56
ParentIndex: 55
BoneChildCount: 0
1.000000 0.000000 0.000000 0.000000
0.000000 1.000000 0.000000 0.000000
0.000000 0.000000 1.000000 0.000000
0.000000 0.000000 0.000000 1.000000
1.000000 0.000000 -0.000000 0.000000
0.000000 1.000000 -0.000000 0.000000
-0.000000 -0.000000 1.000000 -0.000000
0.000045 0.017920 0.000000 1.000000
BoneName: mixamorig:LeftUpLeg
BoneIndex: 57
ParentIndex: 2
BoneChildCount: 1
58
-0.999771 0.021395 -0.000000 0.000000
-0.021391 -0.999610 -0.017972 0.000000
-0.000385 -0.017968 0.999838 -0.000000
0.089457 0.647681 0.006133 1.000000
-0.999771 -0.021391 -0.000385 0.000000
0.021395 -0.999610 -0.017968 0.000000
0.000000 -0.017972 0.999839 -0.000000
0.075570 -0.048263 -0.003005 1.000000
BoneName: mixamorig:LeftLeg
BoneIndex: 58
ParentIndex: 57
BoneChildCount: 1
59
-0.999993 0.003741 -0.000058 0.000000
-0.003741 -0.999990 -0.002452 0.000000
-0.000067 -0.002452 0.999997 -0.000000
0.083504 0.408624 0.000838 1.000000
0.999844 -0.017654 -0.000000 0.000000
0.017652 0.999724 0.015521 0.000000
-0.000274 -0.015518 0.999880 -0.000000
-0.001246 0.240658 -0.001047 1.000000
BoneName: mixamorig:LeftFoot
BoneIndex: 59
ParentIndex: 58
BoneChildCount: 1
60
-0.999977 0.006727 0.000057 0.000000
-0.003727 -0.546934 -0.837168 0.000000
-0.005600 -0.837149 0.546946 -0.000000
0.083558 0.041698 0.065923 1.000000
0.999985 0.000000 -0.005533 0.000000
-0.004625 0.549006 -0.835806 0.000000
0.003038 0.835819 0.548997 -0.000000
-0.000060 0.330631 -0.000039 1.000000
BoneName: mixamorig:LeftToeBase
BoneIndex: 60
ParentIndex: 59
BoneChildCount: 1
61
-0.999828 0.014999 -0.010928 0.000000
0.010801 -0.008534 -0.999905 0.000000
-0.015091 -0.999851 0.008370 -0.000000
0.082543 -0.107014 0.005278 1.000000
0.999849 0.000000 -0.017353 0.000000
-0.009367 0.841793 -0.539720 0.000000
0.014608 0.539801 0.841666 -0.000000
-0.000053 0.128933 0.005155 1.000000
BoneName: mixamorig:LeftToe_End
BoneIndex: 61
ParentIndex: 60
BoneChildCount: 0
1.000000 0.000000 0.000000 0.000000
0.000000 1.000000 0.000000 0.000000
0.000000 0.000000 1.000000 0.000000
0.000000 0.000000 0.000000 1.000000
1.000000 0.000000 -0.000000 0.000000
0.000000 1.000000 -0.000000 0.000000
-0.000000 -0.000000 1.000000 -0.000000
0.000142 0.064208 -0.000079 1.000000
BoneName: mixamorig:RightUpLeg
BoneIndex: 62
ParentIndex: 2
BoneChildCount: 1
63
-0.999771 -0.021385 -0.000000 0.000000
0.021371 -0.999137 -0.035615 0.000000
0.000762 -0.035607 0.999366 -0.000000
-0.089427 0.647473 0.017594 1.000000
-0.999771 0.021371 0.000762 0.000000
-0.021385 -0.999137 -0.035607 0.000000
-0.000000 -0.035615 0.999366 -0.000000
-0.075570 -0.048263 -0.003005 1.000000
BoneName: mixamorig:RightLeg
BoneIndex: 63
ParentIndex: 62
BoneChildCount: 1
64
-0.999993 -0.003741 0.000123 0.000000
0.003740 -0.999989 -0.002795 0.000000
0.000133 -0.002794 0.999996 -0.000000
-0.083484 0.408618 0.002735 1.000000
0.999844 0.017642 -0.000000 0.000000
-0.017633 0.999306 0.032822 0.000000
0.000579 -0.032817 0.999461 -0.000000
0.001248 0.240701 0.001449 1.000000
BoneName: mixamorig:RightFoot
BoneIndex: 64
ParentIndex: 63
BoneChildCount: 1
65
-0.999977 -0.006817 0.000064 0.000000
0.003725 -0.554210 -0.832368 0.000000
0.005709 -0.832349 0.554223 -0.000000
-0.083527 0.040708 0.066599 1.000000
0.999984 0.000000 0.005576 0.000000
0.004633 0.556556 -0.830797 0.000000
-0.003103 0.830810 0.556547 -0.000000
0.000060 0.330631 -0.000045 1.000000
BoneName: mixamorig:RightToeBase
BoneIndex: 65
ParentIndex: 64
BoneChildCount: 1
66
-0.999832 -0.015023 0.010526 0.000000
-0.010398 -0.008551 -0.999909 0.000000
0.015112 -0.999851 0.008394 -0.000000
-0.082528 -0.106735 0.005244 1.000000
0.999856 0.000000 0.016966 0.000000
0.009282 0.837066 -0.547023 0.000000
-0.014202 0.547102 0.836946 -0.000000
0.000054 0.127183 0.005224 1.000000
BoneName: mixamorig:RightToe_End
BoneIndex: 66
ParentIndex: 65
BoneChildCount: 0
1.000000 0.000000 0.000000 0.000000
0.000000 1.000000 0.000000 0.000000
0.000000 0.000000 1.000000 0.000000
0.000000 0.000000 0.000000 1.000000
1.000000 0.000000 -0.000000 0.000000
0.000000 1.000000 -0.000000 0.000000
-0.000000 -0.000000 1.000000 -0.000000
-0.000142 0.064121 -0.000079 1.000000
