BoneCount: 67
RootBone: 0
BoneName: RootNode
BoneIndex: 0
ParentIndex: -1
BoneChildCount: 2
1
66
1.000000 0.000000 0.000000 0.000000
0.000000 1.000000 0.000000 0.000000
0.000000 0.000000 1.000000 0.000000
0.000000 0.000000 0.000000 1.000000
1.000000 0.000000 -0.000000 0.000000
0.000000 1.000000 -0.000000 0.000000
-0.000000 -0.000000 1.000000 -0.000000
0.000000 0.000000 -0.000000 1.000000
BoneName: mixamorig:Hips
BoneIndex: 1
ParentIndex: 0
BoneChildCount: 3
2
56
61
1.000000 -0.000002 0.000000 0.000000
0.000002 1.000000 0.000000 0.000000
-0.000000 0.000000 1.000000 -0.000000
-0.000002 -1.052462 0.017651 1.000000
1.000000 0.000000 -0.000000 0.000000
0.000000 1.000000 -0.000000 0.000000
-0.000000 -0.000000 1.000000 -0.000000
0.000000 1.052462 -0.017651 1.000000
BoneName: mixamorig:Spine
BoneIndex: 2
ParentIndex: 1
BoneChildCount: 1
3
1.000000 0.000000 0.000000 0.000000
-0.000000 0.998011 -0.063033 0.000000
-0.000000 0.063033 0.998011 -0.000000
-0.000046 -1.101442 0.089846 1.000000
1.000000 -0.000002 0.000000 0.000000
0.000002 0.998011 0.063033 0.000000
-0.000000 -0.063033 0.998011 -0.000000
0.000047 0.052453 -0.002588 1.000000
BoneName: mixamorig:Spine1
BoneIndex: 3
ParentIndex: 2
BoneChildCount: 1
4
1.000000 0.000000 0.000000 0.000000
-0.000000 0.991036 -0.133599 0.000000
-0.000000 0.133599 0.991036 -0.000000
-0.000046 -1.202697 0.175516 1.000000
1.000000 0.000000 -0.000000 0.000000
0.000000 0.997486 0.070865 0.000000
-0.000000 -0.070865 0.997486 -0.000000
-0.000000 0.110669 0.000000 1.000000
BoneName: mixamorig:Spine2
BoneIndex: 4
ParentIndex: 3
BoneChildCount: 3
5
8
32
1.000000 0.000000 0.000000 0.000000
-0.000000 1.000000 -0.000000 0.000000
-0.000000 0.000000 1.000000 -0.000000
-0.000046 -1.296053 0.002387 1.000000
1.000000 0.000000 -0.000000 0.000000
0.000000 0.991036 -0.133599 0.000000
-0.000000 0.133599 0.991036 -0.000000
0.000000 0.081419 0.000000 1.000000
BoneName: mixamorig:Neck
BoneIndex: 5
ParentIndex: 4
BoneChildCount: 1
6
1.000000 0.000000 0.000000 0.000000
-0.000000 1.000000 -0.000000 0.000000
-0.000000 0.000000 1.000000 -0.000000
0.001076 -1.485249 -0.034974 1.000000
1.000000 0.000000 -0.000000 0.000000
0.000000 1.000000 -0.000000 0.000000
-0.000000 -0.000000 1.000000 -0.000000
-0.001122 0.189195 0.037361 1.000000
BoneName: mixamorig:Head
BoneIndex: 6
ParentIndex: 5
BoneChildCount: 1
7
1.000000 0.000000 0.000000 0.000000
-0.000000 1.000000 -0.000000 0.000000
-0.000000 0.000000 1.000000 -0.000000
0.001076 -1.571978 -0.001781 1.000000
1.000000 0.000000 -0.000000 0.000000
0.000000 1.000000 -0.000000 0.000000
-0.000000 -0.000000 1.000000 -0.000000
0.000000 0.086730 -0.033193 1.000000
BoneName: mixamorig:HeadTop_End
BoneIndex: 7
ParentIndex: 6
BoneChildCount: 0
1.000000 0.000000 0.000000 0.000000
-0.000000 1.000000 -0.000000 0.000000
-0.000000 0.000000 1.000000 -0.000000
0.001076 -1.759431 0.091932 1.000000
1.000000 0.000000 -0.000000 0.000000
0.000000 1.000000 -0.000000 0.000000
-0.000000 -0.000000 1.000000 -0.000000
0.000000 0.187453 -0.093713 1.000000
BoneName: mixamorig:LeftShoulder
BoneIndex: 8
ParentIndex: 4
BoneChildCount: 1
9
-0.005157 0.982662 0.185335 0.000000
-0.000000 -0.185337 0.982675 0.000000
0.999987 0.005068 0.000956 -0.000000
-0.043715 0.205358 -1.432337 1.000000
-0.005157 0.000000 0.999987 0.000000
0.982662 -0.185337 0.005068 0.000000
0.185335 0.982675 0.000956 -0.000000
0.063392 0.149529 0.046429 1.000000
BoneName: mixamorig:LeftArm
BoneIndex: 9
ParentIndex: 8
BoneChildCount: 1
10
0.000001 1.000000 0.000002 0.000000
0.000000 -0.000002 1.000000 0.000000
1.000000 -0.000001 -0.000000 -0.000000
-0.044506 -0.153287 -1.428636 1.000000
0.999987 0.005069 0.000956 0.000000
-0.005158 0.982662 0.185333 0.000000
-0.000000 -0.185335 0.982675 -0.000000
0.000000 0.091437 -0.000000 1.000000
BoneName: mixamorig:LeftForeArm
BoneIndex: 10
ParentIndex: 9
BoneChildCount: 1
11
0.017453 0.999848 0.000001 0.000000
-0.000000 -0.000001 1.000000 0.000000
0.999848 -0.017453 -0.000000 -0.000000
-0.051463 -0.398189 -1.428635 1.000000
0.999848 0.017452 -0.000000 0.000000
-0.017452 0.999848 -0.000000 0.000000
-0.000000 -0.000000 1.000000 -0.000000
0.000000 0.245739 -0.000000 1.000000
BoneName: mixamorig:LeftHand
BoneIndex: 11
ParentIndex: 10
BoneChildCount: 5
12
16
20
24
28
0.017453 0.999848 0.000001 0.000000
-0.000000 -0.000001 1.000000 0.000000
0.999848 -0.017453 -0.000000 -0.000000
-0.051463 -0.629155 -1.428635 1.000000
1.000000 0.000000 -0.000000 0.000000
0.000000 1.000000 -0.000000 0.000000
-0.000000 -0.000000 1.000000 -0.000000
0.000000 0.230966 0.000000 1.000000
BoneName: mixamorig:LeftHandThumb1
BoneIndex: 12
ParentIndex: 11
BoneChildCount: 1
13
0.524834 0.766676 0.369806 0.000000
0.023277 -0.447215 0.894124 0.000000
0.850886 -0.460659 -0.252560 -0.000000
-0.399382 0.130465 -1.505170 1.000000
0.859916 0.509904 0.023278 0.000000
-0.447208 0.774600 -0.447214 0.000000
-0.246067 0.374157 0.894124 -0.000000
-0.020055 0.036603 -0.015185 1.000000
BoneName: mixamorig:LeftHandThumb2
BoneIndex: 13
ParentIndex: 12
BoneChildCount: 1
14
0.524831 0.766678 0.369807 0.000000
0.023279 -0.447215 0.894123 0.000000
0.850888 -0.460655 -0.252560 -0.000000
-0.399383 0.097509 -1.505170 1.000000
1.000000 0.000000 -0.000000 0.000000
0.000000 1.000000 -0.000000 0.000000
-0.000000 -0.000000 1.000000 -0.000000
-0.000000 0.032954 -0.000000 1.000000
BoneName: mixamorig:LeftHandThumb3
BoneIndex: 14
ParentIndex: 13
BoneChildCount: 1
15
0.524831 0.766678 0.369807 0.000000
0.023279 -0.447216 0.894123 0.000000
0.850888 -0.460655 -0.252560 -0.000000
-0.399383 0.061943 -1.505170 1.000000
1.000000 0.000000 -0.000000 0.000000
0.000000 1.000000 -0.000000 0.000000
-0.000000 -0.000000 1.000000 -0.000000
-0.000000 0.035567 0.000000 1.000000
BoneName: mixamorig:LeftHandThumb4
BoneIndex: 15
ParentIndex: 14
BoneChildCount: 0
0.524831 0.766678 0.369807 0.000000
0.023279 -0.447216 0.894123 0.000000
0.850888 -0.460655 -0.252560 -0.000000
-0.399383 0.028653 -1.505170 1.000000
1.000000 0.000000 -0.000000 0.000000
0.000000 1.000000 -0.000000 0.000000
-0.000000 -0.000000 1.000000 -0.000000
0.000000 0.033290 -0.000000 1.000000
BoneName: mixamorig:LeftHandIndex1
BoneIndex: 16
ParentIndex: 11
BoneChildCount: 1
17
0.022349 0.999750 0.000062 0.000000
-0.000000 -0.000062 1.000000 0.000000
0.999750 -0.022349 -0.000001 -0.000000
-0.031821 -0.739966 -1.426386 1.000000
0.999988 0.004897 -0.000000 0.000000
-0.004897 0.999988 -0.000061 0.000000
-0.000000 0.000061 1.000000 -0.000000
-0.023266 0.111045 -0.002294 1.000000
BoneName: mixamorig:LeftHandIndex2
BoneIndex: 17
ParentIndex: 16
BoneChildCount: 1
18
0.026672 0.999644 0.000126 0.000000
-0.000000 -0.000126 1.000000 0.000000
0.999644 -0.026672 -0.000003 -0.000000
-0.035134 -0.765731 -1.426435 1.000000
0.999991 0.004324 0.000000 0.000000
-0.004324 0.999991 -0.000064 0.000000
-0.000001 0.000064 1.000000 -0.000000
0.000000 0.026000 -0.000000 1.000000
BoneName: mixamorig:LeftHandIndex3
BoneIndex: 18
ParentIndex: 17
BoneChildCount: 1
19
0.028611 0.999591 0.000154 0.000000
-0.000000 -0.000154 1.000000 0.000000
0.999591 -0.028611 -0.000004 -0.000000
-0.036658 -0.785622 -1.426457 1.000000
0.999998 0.001940 0.000000 0.000000
-0.001940 0.999998 -0.000028 0.000000
-0.000000 0.000028 1.000000 -0.000000
-0.000000 0.020001 -0.000000 1.000000
BoneName: mixamorig:LeftHandIndex4
BoneIndex: 19
ParentIndex: 18
BoneChildCount: 0
0.028611 0.999591 0.000154 0.000000
-0.000000 -0.000154 1.000000 0.000000
0.999591 -0.028611 -0.000004 -0.000000
-0.036658 -0.810177 -1.426457 1.000000
1.000000 0.000000 -0.000000 0.000000
0.000000 1.000000 -0.000000 0.000000
-0.000000 -0.000000 1.000000 -0.000000
-0.000000 0.024555 0.000000 1.000000
BoneName: mixamorig:LeftHandMiddle1
BoneIndex: 20
ParentIndex: 11
BoneChildCount: 1
21
0.016778 0.999859 -0.000015 0.000000
-0.000000 0.000015 1.000000 0.000000
0.999859 -0.016778 0.000000 -0.000000
-0.050961 -0.743688 -1.428624 1.000000
1.000000 -0.000674 -0.000000 0.000000
0.000674 1.000000 0.000016 0.000000
-0.000000 -0.000016 1.000000 -0.000000
-0.000000 0.114476 0.000001 1.000000
BoneName: mixamorig:LeftHandMiddle2
BoneIndex: 21
ParentIndex: 20
BoneChildCount: 1
22
0.016680 0.999861 -0.000017 0.000000
-0.000000 0.000017 1.000000 0.000000
0.999861 -0.016680 0.000000 -0.000000
-0.050885 -0.772696 -1.428623 1.000000
1.000000 -0.000099 -0.000000 0.000000
0.000099 1.000000 0.000002 0.000000
-0.000000 -0.000002 1.000000 -0.000000
0.000000 0.029000 -0.000000 1.000000
BoneName: mixamorig:LeftHandMiddle3
BoneIndex: 22
ParentIndex: 21
BoneChildCount: 1
23
0.017422 0.999848 0.000000 0.000000
-0.000000 -0.000000 1.000000 0.000000
0.999848 -0.017422 0.000000 -0.000000
-0.051474 -0.792634 -1.428636 1.000000
1.000000 0.000743 -0.000000 0.000000
-0.000743 1.000000 -0.000017 0.000000
-0.000000 0.000017 1.000000 -0.000000
0.000000 0.020000 0.000000 1.000000
BoneName: mixamorig:LeftHandMiddle4
BoneIndex: 23
ParentIndex: 22
BoneChildCount: 0
0.017422 0.999848 0.000000 0.000000
-0.000000 -0.000000 1.000000 0.000000
0.999848 -0.017422 0.000000 -0.000000
-0.051474 -0.815484 -1.428636 1.000000
1.000000 0.000000 -0.000000 0.000000
0.000000 1.000000 -0.000000 0.000000
-0.000000 -0.000000 1.000000 -0.000000
-0.000000 0.022850 -0.000000 1.000000
BoneName: mixamorig:LeftHandRing1
BoneIndex: 24
ParentIndex: 11
BoneChildCount: 1
25
0.017429 0.999848 0.000001 0.000000
-0.000000 -0.000001 1.000000 0.000000
0.999848 -0.017429 0.000000 -0.000000
-0.073919 -0.735213 -1.431318 1.000000
1.000000 -0.000023 -0.000000 0.000000
0.000023 1.000000 0.000000 0.000000
-0.000000 -0.000000 1.000000 -0.000000
0.022473 0.106056 0.002683 1.000000
BoneName: mixamorig:LeftHandRing2
BoneIndex: 25
ParentIndex: 24
BoneChildCount: 1
26
0.015983 0.999872 -0.000050 0.000000
-0.000000 0.000050 1.000000 0.000000
0.999872 -0.015983 0.000001 -0.000000
-0.072812 -0.765392 -1.431280 1.000000
0.999999 -0.001446 -0.000000 0.000000
0.001446 0.999999 0.000051 0.000000
-0.000000 -0.000051 1.000000 -0.000000
0.000000 0.030001 -0.000000 1.000000
BoneName: mixamorig:LeftHandRing3
BoneIndex: 26
ParentIndex: 25
BoneChildCount: 1
27
0.017470 0.999847 0.000002 0.000000
-0.000000 -0.000002 1.000000 0.000000
0.999847 -0.017470 -0.000000 -0.000000
-0.073983 -0.787210 -1.431320 1.000000
0.999999 0.001487 -0.000000 0.000000
-0.001487 0.999999 -0.000051 0.000000
-0.000000 0.000051 1.000000 -0.000000
0.000000 0.022000 -0.000000 1.000000
BoneName: mixamorig:LeftHandRing4
BoneIndex: 27
ParentIndex: 26
BoneChildCount: 0
0.017470 0.999847 0.000002 0.000000
-0.000000 -0.000002 1.000000 0.000000
0.999847 -0.017470 -0.000000 -0.000000
-0.073983 -0.809071 -1.431320 1.000000
1.000000 0.000000 -0.000000 0.000000
0.000000 1.000000 -0.000000 0.000000
-0.000000 -0.000000 1.000000 -0.000000
0.000000 0.021861 -0.000000 1.000000
BoneName: mixamorig:LeftHandPinky1
BoneIndex: 28
ParentIndex: 11
BoneChildCount: 1
29
0.017168 0.999853 -0.000003 0.000000
-0.000000 0.000003 1.000000 0.000000
0.999853 -0.017168 0.000000 -0.000000
-0.091535 -0.725469 -1.425216 1.000000
1.000000 -0.000284 -0.000000 0.000000
0.000284 1.000000 0.000004 0.000000
-0.000000 -0.000004 1.000000 -0.000000
0.040279 0.096282 -0.003417 1.000000
BoneName: mixamorig:LeftHandPinky2
BoneIndex: 29
ParentIndex: 28
BoneChildCount: 1
30
0.018830 0.999823 0.000023 0.000000
-0.000000 -0.000023 1.000000 0.000000
0.999823 -0.018830 -0.000000 -0.000000
-0.092789 -0.754284 -1.425235 1.000000
0.999999 0.001662 -0.000000 0.000000
-0.001662 0.999999 -0.000026 0.000000
-0.000000 0.000026 1.000000 -0.000000
-0.000000 0.029005 0.000000 1.000000
BoneName: mixamorig:LeftHandPinky3
BoneIndex: 30
ParentIndex: 29
BoneChildCount: 1
31
0.017114 0.999854 -0.000003 0.000000
-0.000000 0.000003 1.000000 0.000000
0.999854 -0.017114 0.000000 -0.000000
-0.091472 -0.767456 -1.425215 1.000000
0.999999 -0.001717 -0.000000 0.000000
0.001717 0.999999 0.000026 0.000000
-0.000000 -0.000026 1.000000 -0.000000
-0.000000 0.012977 -0.000000 1.000000
BoneName: mixamorig:LeftHandPinky4
BoneIndex: 31
ParentIndex: 30
BoneChildCount: 0
0.017114 0.999854 -0.000003 0.000000
-0.000000 0.000003 1.000000 0.000000
0.999854 -0.017114 0.000000 -0.000000
-0.091472 -0.787586 -1.425215 1.000000
1.000000 0.000000 -0.000000 0.000000
0.000000 1.000000 -0.000000 0.000000
-0.000000 -0.000000 1.000000 -0.000000
0.000000 0.020130 -0.000000 1.000000
BoneName: mixamorig:RightShoulder
BoneIndex: 32
ParentIndex: 4
BoneChildCount: 1
33
-0.005157 -0.982675 -0.185265 0.000000
-0.000000 -0.185267 0.982688 0.000000
-0.999987 0.005068 0.000955 -0.000000
0.043715 0.205347 -1.432332 1.000000
-0.005157 0.000000 -0.999987 0.000000
-0.982675 -0.185267 0.005068 0.000000
-0.185265 0.982688 0.000955 -0.000000
-0.063392 0.149527 0.046429 1.000000
BoneName: mixamorig:RightArm
BoneIndex: 33
ParentIndex: 32
BoneChildCount: 1
34
0.000000 -1.000000 -0.000000 0.000000
0.000000 -0.000000 1.000000 0.000000
-1.000000 -0.000000 -0.000000 -0.000000
0.044506 -0.153197 -1.428640 1.000000
0.999987 -0.005068 -0.000956 0.000000
0.005158 0.982675 0.185265 0.000000
0.000000 -0.185267 0.982688 -0.000000
-0.000000 0.091436 -0.000000 1.000000
BoneName: mixamorig:RightForeArm
BoneIndex: 34
ParentIndex: 33
BoneChildCount: 1
35
0.017452 -0.999848 -0.000043 0.000000
0.000001 -0.000043 1.000000 0.000000
-0.999848 -0.017452 -0.000000 -0.000000
0.051460 -0.398037 -1.428657 1.000000
0.999848 -0.017452 0.000001 0.000000
0.017452 0.999848 -0.000043 0.000000
-0.000000 0.000043 1.000000 -0.000000
-0.000000 0.245739 0.000000 1.000000
BoneName: mixamorig:RightHand
BoneIndex: 35
ParentIndex: 34
BoneChildCount: 5
36
40
44
48
52
0.017452 -0.999848 -0.000043 0.000000
0.000001 -0.000043 1.000000 0.000000
-0.999848 -0.017452 -0.000000 -0.000000
0.051460 -0.629003 -1.428657 1.000000
1.000000 0.000000 -0.000000 0.000000
0.000000 1.000000 -0.000000 0.000000
-0.000000 -0.000000 1.000000 -0.000000
-0.000000 0.230966 -0.000000 1.000000
BoneName: mixamorig:RightHandThumb1
BoneIndex: 36
ParentIndex: 35
BoneChildCount: 1
37
0.522597 -0.766647 -0.373020 0.000000
-0.017874 -0.447275 0.894218 0.000000
-0.852392 -0.460648 -0.247448 -0.000000
0.390237 0.130640 -1.507511 1.000000
0.861383 -0.507640 -0.017897 0.000000
0.447198 0.774589 -0.447242 0.000000
0.240901 0.377244 0.894234 -0.000000
0.020055 0.036604 -0.015178 1.000000
BoneName: mixamorig:RightHandThumb2
BoneIndex: 37
ParentIndex: 36
BoneChildCount: 1
38
0.522590 -0.766734 -0.372853 0.000000
-0.017878 -0.447080 0.894316 0.000000
-0.852397 -0.460694 -0.247347 -0.000000
0.390238 0.097351 -1.507532 1.000000
1.000000 0.000009 0.000000 0.000000
-0.000009 1.000000 0.000219 0.000000
-0.000000 -0.000219 1.000000 -0.000000
0.000000 0.032955 0.000000 1.000000
BoneName: mixamorig:RightHandThumb3
BoneIndex: 38
ParentIndex: 37
BoneChildCount: 1
39
0.522582 -0.766663 -0.373010 0.000000
-0.017883 -0.447263 0.894224 0.000000
-0.852401 -0.460635 -0.247441 -0.000000
0.390238 0.062092 -1.507519 1.000000
1.000000 0.000010 0.000000 0.000000
-0.000010 1.000000 -0.000205 0.000000
-0.000000 0.000205 1.000000 -0.000000
0.000000 0.035564 0.000000 1.000000
BoneName: mixamorig:RightHandThumb4
BoneIndex: 39
ParentIndex: 38
BoneChildCount: 0
0.522582 -0.766663 -0.373010 0.000000
-0.017883 -0.447263 0.894224 0.000000
-0.852401 -0.460635 -0.247441 -0.000000
0.390238 0.028801 -1.507519 1.000000
1.000000 0.000000 -0.000000 0.000000
0.000000 1.000000 -0.000000 0.000000
-0.000000 -0.000000 1.000000 -0.000000
0.000000 0.033291 0.000000 1.000000
BoneName: mixamorig:RightHandIndex1
BoneIndex: 40
ParentIndex: 35
BoneChildCount: 1
41
0.022348 -0.999750 -0.000000 0.000000
0.000001 0.000000 1.000000 0.000000
-0.999750 -0.022348 0.000001 -0.000000
0.031817 -0.739962 -1.426340 1.000000
0.999988 -0.004896 -0.000000 0.000000
0.004896 0.999988 0.000043 0.000000
0.000000 -0.000043 1.000000 -0.000000
0.023266 0.111044 -0.002285 1.000000
BoneName: mixamorig:RightHandIndex2
BoneIndex: 41
ParentIndex: 40
BoneChildCount: 1
42
0.026675 -0.999644 -0.000000 0.000000
0.000001 0.000000 1.000000 0.000000
-0.999644 -0.026675 0.000001 -0.000000
0.035132 -0.765817 -1.426340 1.000000
0.999991 -0.004329 -0.000000 0.000000
0.004329 0.999991 -0.000000 0.000000
-0.000000 -0.000000 1.000000 -0.000000
-0.000000 0.026000 0.000000 1.000000
BoneName: mixamorig:RightHandIndex3
BoneIndex: 42
ParentIndex: 41
BoneChildCount: 1
43
0.028608 -0.999591 -0.000407 0.000000
0.000001 -0.000407 1.000000 0.000000
-0.999591 -0.028608 -0.000011 -0.000000
0.036652 -0.785167 -1.426660 1.000000
0.999998 -0.001934 -0.000000 0.000000
0.001934 0.999998 -0.000407 0.000000
0.000001 0.000407 1.000000 -0.000000
0.000000 0.020001 0.000000 1.000000
BoneName: mixamorig:RightHandIndex4
BoneIndex: 43
ParentIndex: 42
BoneChildCount: 0
0.028608 -0.999591 -0.000407 0.000000
0.000001 -0.000407 1.000000 0.000000
-0.999591 -0.028608 -0.000011 -0.000000
0.036652 -0.809722 -1.426660 1.000000
1.000000 0.000000 -0.000000 0.000000
0.000000 1.000000 -0.000000 0.000000
-0.000000 -0.000000 1.000000 -0.000000
-0.000000 0.024555 0.000000 1.000000
BoneName: mixamorig:RightHandMiddle1
BoneIndex: 44
ParentIndex: 35
BoneChildCount: 1
45
0.016780 -0.999859 -0.000000 0.000000
0.000001 0.000000 1.000000 0.000000
-0.999859 -0.016780 0.000001 -0.000000
0.050960 -0.743574 -1.428640 1.000000
1.000000 0.000672 0.000000 0.000000
-0.000672 1.000000 0.000043 0.000000
0.000000 -0.000043 1.000000 -0.000000
0.000000 0.114475 0.000015 1.000000
BoneName: mixamorig:RightHandMiddle2
BoneIndex: 45
ParentIndex: 44
BoneChildCount: 1
46
0.016678 -0.999861 -0.000000 0.000000
0.000001 0.000000 1.000000 0.000000
-0.999861 -0.016678 0.000001 -0.000000
0.050881 -0.772579 -1.428640 1.000000
1.000000 0.000103 -0.000000 0.000000
-0.000103 1.000000 -0.000000 0.000000
-0.000000 -0.000000 1.000000 -0.000000
0.000000 0.029000 -0.000000 1.000000
BoneName: mixamorig:RightHandMiddle3
BoneIndex: 46
ParentIndex: 45
BoneChildCount: 1
47
0.017422 -0.999848 -0.000000 0.000000
0.000001 0.000000 1.000000 0.000000
-0.999848 -0.017422 0.000001 -0.000000
0.051471 -0.792541 -1.428640 1.000000
1.000000 -0.000744 -0.000000 0.000000
0.000744 1.000000 -0.000000 0.000000
-0.000000 -0.000000 1.000000 -0.000000
-0.000000 0.020000 -0.000000 1.000000
BoneName: mixamorig:RightHandMiddle4
BoneIndex: 47
ParentIndex: 46
BoneChildCount: 0
0.017422 -0.999848 -0.000000 0.000000
0.000001 0.000000 1.000000 0.000000
-0.999848 -0.017422 0.000001 -0.000000
0.051471 -0.815391 -1.428640 1.000000
1.000000 0.000000 -0.000000 0.000000
0.000000 1.000000 -0.000000 0.000000
-0.000000 -0.000000 1.000000 -0.000000
0.000000 0.022850 -0.000000 1.000000
BoneName: mixamorig:RightHandRing1
BoneIndex: 48
ParentIndex: 35
BoneChildCount: 1
49
0.017429 -0.999848 -0.000000 0.000000
0.000001 0.000000 1.000000 0.000000
-0.999848 -0.017429 0.000001 -0.000000
0.073916 -0.735121 -1.431320 1.000000
1.000000 0.000023 -0.000000 0.000000
-0.000023 1.000000 0.000043 0.000000
0.000000 -0.000043 1.000000 -0.000000
-0.022473 0.106055 0.002695 1.000000
BoneName: mixamorig:RightHandRing2
BoneIndex: 49
ParentIndex: 48
BoneChildCount: 1
50
0.015984 -0.999872 -0.000000 0.000000
0.000001 0.000000 1.000000 0.000000
-0.999872 -0.015984 0.000001 -0.000000
0.072810 -0.765228 -1.431320 1.000000
0.999999 0.001445 -0.000000 0.000000
-0.001445 0.999999 -0.000000 0.000000
-0.000000 -0.000000 1.000000 -0.000000
-0.000000 0.030001 -0.000000 1.000000
BoneName: mixamorig:RightHandRing3
BoneIndex: 50
ParentIndex: 49
BoneChildCount: 1
51
0.017471 -0.999847 -0.000000 0.000000
0.000001 0.000000 1.000000 0.000000
-0.999847 -0.017471 0.000001 -0.000000
0.073980 -0.787119 -1.431320 1.000000
0.999999 -0.001486 -0.000000 0.000000
0.001486 0.999999 -0.000000 0.000000
-0.000000 -0.000000 1.000000 -0.000000
-0.000000 0.022000 -0.000000 1.000000
BoneName: mixamorig:RightHandRing4
BoneIndex: 51
ParentIndex: 50
BoneChildCount: 0
0.017471 -0.999847 -0.000000 0.000000
0.000001 0.000000 1.000000 0.000000
-0.999847 -0.017471 0.000001 -0.000000
0.073980 -0.808981 -1.431320 1.000000
1.000000 0.000000 -0.000000 0.000000
0.000000 1.000000 -0.000000 0.000000
-0.000000 -0.000000 1.000000 -0.000000
-0.000000 0.021862 -0.000000 1.000000
BoneName: mixamorig:RightHandPinky1
BoneIndex: 52
ParentIndex: 35
BoneChildCount: 1
53
0.017166 -0.999853 -0.000000 0.000000
0.000001 0.000000 1.000000 0.000000
-0.999853 -0.017166 0.000001 -0.000000
0.091531 -0.725372 -1.425220 1.000000
1.000000 0.000286 -0.000000 0.000000
-0.000286 1.000000 0.000043 0.000000
0.000000 -0.000043 1.000000 -0.000000
-0.040279 0.096281 -0.003406 1.000000
BoneName: mixamorig:RightHandPinky2
BoneIndex: 53
ParentIndex: 52
BoneChildCount: 1
54
0.018832 -0.999823 -0.000000 0.000000
0.000001 0.000000 1.000000 0.000000
-0.999823 -0.018832 0.000001 -0.000000
0.092787 -0.754224 -1.425220 1.000000
0.999999 -0.001666 -0.000000 0.000000
0.001666 0.999999 -0.000000 0.000000
-0.000000 -0.000000 1.000000 -0.000000
-0.000000 0.029006 -0.000000 1.000000
BoneName: mixamorig:RightHandPinky3
BoneIndex: 54
ParentIndex: 53
BoneChildCount: 1
55
0.017115 -0.999854 -0.000000 0.000000
0.000001 0.000000 1.000000 0.000000
-0.999854 -0.017115 0.000001 -0.000000
0.091470 -0.767358 -1.425220 1.000000
0.999999 0.001717 -0.000000 0.000000
-0.001717 0.999999 -0.000000 0.000000
-0.000000 -0.000000 1.000000 -0.000000
-0.000000 0.012976 -0.000000 1.000000
BoneName: mixamorig:RightHandPinky4
BoneIndex: 55
ParentIndex: 54
BoneChildCount: 0
0.017115 -0.999854 -0.000000 0.000000
0.000001 0.000000 1.000000 0.000000
-0.999854 -0.017115 0.000001 -0.000000
0.091470 -0.787488 -1.425220 1.000000
1.000000 0.000000 -0.000000 0.000000
0.000000 1.000000 -0.000000 0.000000
-0.000000 -0.000000 1.000000 -0.000000
-0.000000 0.020130 -0.000000 1.000000
BoneName: mixamorig:LeftUpLeg
BoneIndex: 56
ParentIndex: 1
BoneChildCount: 1
57
-1.000000 -0.000000 0.000000 0.000000
0.000000 -0.999411 -0.034331 0.000000
0.000000 -0.034331 0.999411 -0.000000
0.096888 0.994998 0.034945 1.000000
-1.000000 0.000002 -0.000000 0.000000
-0.000002 -0.999411 -0.034331 0.000000
-0.000000 -0.034331 0.999411 -0.000000
0.096888 -0.056852 0.016886 1.000000
BoneName: mixamorig:LeftLeg
BoneIndex: 57
ParentIndex: 56
BoneChildCount: 1
58
-1.000000 0.000000 0.000000 0.000000
-0.000000 -0.994465 0.105067 0.000000
0.000000 0.105067 0.994465 -0.000000
0.096888 0.562700 -0.043778 1.000000
1.000000 0.000000 -0.000000 0.000000
0.000000 0.990272 0.139146 0.000000
-0.000000 -0.139146 0.990272 -0.000000
0.000000 0.431680 0.000000 1.000000
BoneName: mixamorig:LeftFoot
BoneIndex: 58
ParentIndex: 57
BoneChildCount: 1
59
-0.998146 0.051851 -0.031883 0.000000
-0.030436 -0.878761 -0.476290 0.000000
-0.052713 -0.474437 0.878710 -0.000000
0.102964 0.147008 0.054481 1.000000
0.998146 0.024729 -0.055620 0.000000
-0.051851 0.824050 -0.564139 0.000000
0.031883 0.565977 0.823804 -0.000000
0.000000 0.408177 -0.000000 1.000000
BoneName: mixamorig:LeftToeBase
BoneIndex: 59
ParentIndex: 58
BoneChildCount: 1
60
-0.999158 0.041033 -0.000038 0.000000
-0.000002 -0.000977 -1.000000 0.000000
-0.041033 -0.999157 0.000977 -0.000000
0.103747 -0.062408 0.000151 1.000000
0.999468 -0.032338 -0.004200 0.000000
0.011741 0.477023 -0.878812 0.000000
0.030423 0.878295 0.477149 -0.000000
0.000000 0.180000 -0.000000 1.000000
BoneName: mixamorig:LeftToe_End
BoneIndex: 60
ParentIndex: 59
BoneChildCount: 0
-0.999158 0.041033 -0.000038 0.000000
-0.000002 -0.000977 -1.000000 0.000000
-0.041033 -0.999157 0.000977 -0.000000
0.103747 -0.200090 0.000151 1.000000
1.000000 0.000000 -0.000000 0.000000
0.000000 1.000000 -0.000000 0.000000
-0.000000 -0.000000 1.000000 -0.000000
0.000000 0.137682 0.000000 1.000000
BoneName: mixamorig:RightUpLeg
BoneIndex: 61
ParentIndex: 1
BoneChildCount: 1
62
-1.000000 0.000000 -0.000000 0.000000
-0.000000 -0.999411 -0.034331 0.000000
-0.000000 -0.034331 0.999411 -0.000000
-0.096887 0.994998 0.034945 1.000000
-1.000000 0.000002 -0.000000 0.000000
-0.000002 -0.999411 -0.034331 0.000000
-0.000000 -0.034331 0.999411 -0.000000
-0.096888 -0.056851 0.016886 1.000000
BoneName: mixamorig:RightLeg
BoneIndex: 62
ParentIndex: 61
BoneChildCount: 1
63
-1.000000 -0.000000 -0.000000 0.000000
0.000000 -0.994465 0.105067 0.000000
-0.000000 0.105067 0.994465 -0.000000
-0.096888 0.562700 -0.043778 1.000000
1.000000 0.000000 -0.000000 0.000000
0.000000 0.990272 0.139146 0.000000
-0.000000 -0.139146 0.990272 -0.000000
-0.000000 0.431680 0.000000 1.000000
BoneName: mixamorig:RightFoot
BoneIndex: 63
ParentIndex: 62
BoneChildCount: 1
64
-0.998146 -0.051848 0.031884 0.000000
0.030433 -0.878761 -0.476291 0.000000
0.052714 -0.474437 0.878710 -0.000000
-0.102964 0.147008 0.054481 1.000000
0.998146 -0.024726 0.055619 0.000000
0.051848 0.824050 -0.564140 0.000000
-0.031884 0.565978 0.823804 -0.000000
0.000000 0.408177 -0.000000 1.000000
BoneName: mixamorig:RightToeBase
BoneIndex: 64
ParentIndex: 63
BoneChildCount: 1
65
-0.999157 -0.041046 0.000042 0.000000
-0.000002 -0.000978 -1.000000 0.000000
0.041046 -0.999157 0.000977 -0.000000
-0.103746 -0.062409 0.000151 1.000000
0.999468 0.032332 0.004211 0.000000
-0.011729 0.477025 -0.878811 0.000000
-0.030423 0.878295 0.477151 -0.000000
-0.000000 0.180000 -0.000000 1.000000
BoneName: mixamorig:RightToe_End
BoneIndex: 65
ParentIndex: 64
BoneChildCount: 0
-0.999157 -0.041046 0.000042 0.000000
-0.000002 -0.000978 -1.000000 0.000000
0.041046 -0.999157 0.000977 -0.000000
-0.103746 -0.200091 0.000151 1.000000
1.000000 0.000000 -0.000000 0.000000
0.000000 1.000000 -0.000000 0.000000
-0.000000 -0.000000 1.000000 -0.000000
-0.000000 0.137682 0.000000 1.000000
BoneName: Maria_J_J_Ong
BoneIndex: 66
ParentIndex: 0
BoneChildCount: 0
1.000000 0.000000 0.000000 0.000000
0.000000 1.000000 0.000000 0.000000
0.000000 0.000000 1.000000 0.000000
0.000000 0.000000 0.000000 1.000000
1.000000 0.000000 -0.000000 0.000000
0.000000 1.000000 -0.000000 0.000000
-0.000000 -0.000000 1.000000 -0.000000
0.000000 0.000000 -0.000000 1.000000
