BoneCount: 163
RootBone: 0
BoneName: RootNode
BoneIndex: 0
ParentIndex: -1
BoneChildCount: 2
1
2
1.000000 0.000000 0.000000 0.000000
0.000000 1.000000 0.000000 0.000000
0.000000 0.000000 1.000000 0.000000
0.000000 0.000000 0.000000 1.000000
1.000000 0.000000 -0.000000 0.000000
0.000000 1.000000 -0.000000 0.000000
-0.000000 -0.000000 1.000000 -0.000000
0.000000 0.000000 -0.000000 1.000000
BoneName: Ch44
BoneIndex: 1
ParentIndex: 0
BoneChildCount: 0
1.000000 0.000000 0.000000 0.000000
0.000000 1.000000 0.000000 0.000000
0.000000 0.000000 1.000000 0.000000
0.000000 0.000000 0.000000 1.000000
1.000000 0.000000 -0.000000 0.000000
0.000000 1.000000 -0.000000 0.000000
-0.000000 -0.000000 1.000000 -0.000000
0.000000 0.000000 -0.000000 1.000000
BoneName: mixamorig:Hips
BoneIndex: 2
ParentIndex: 0
BoneChildCount: 3
3
137
150
1.000000 0.000000 -0.000000 0.000000
0.000000 1.000000 -0.000000 0.000000
-0.000000 -0.000000 1.000000 -0.000000
0.000000 -103.266609 1.469107 1.000000
1.000000 0.000000 -0.000000 0.000000
0.000000 1.000000 -0.000000 0.000000
-0.000000 -0.000000 1.000000 -0.000000
0.000000 103.266609 -1.469107 1.000000
BoneName: mixamorig:Spine_$AssimpFbx$_Translation
BoneIndex: 3
ParentIndex: 2
BoneChildCount: 1
4
1.000000 0.000000 0.000000 0.000000
0.000000 1.000000 0.000000 0.000000
0.000000 0.000000 1.000000 0.000000
0.000000 0.000000 0.000000 1.000000
1.000000 0.000000 -0.000000 0.000000
0.000000 1.000000 -0.000000 0.000000
-0.000000 -0.000000 1.000000 -0.000000
0.000000 10.997345 0.803058 1.000000
BoneName: mixamorig:Spine_$AssimpFbx$_PreRotation
BoneIndex: 4
ParentIndex: 3
BoneChildCount: 1
5
1.000000 0.000000 0.000000 0.000000
0.000000 1.000000 0.000000 0.000000
0.000000 0.000000 1.000000 0.000000
0.000000 0.000000 0.000000 1.000000
1.000000 0.000000 -0.000000 0.000000
0.000000 0.997344 0.072829 0.000000
-0.000000 -0.072829 0.997344 -0.000000
0.000000 0.000000 -0.000000 1.000000
BoneName: mixamorig:Spine
BoneIndex: 5
ParentIndex: 4
BoneChildCount: 1
6
1.000000 0.000000 -0.000000 0.000000
0.000000 0.997344 -0.072829 0.000000
-0.000000 0.072829 0.997344 -0.000000
0.000000 -113.912010 8.986010 1.000000
1.000000 0.000000 -0.000000 0.000000
0.000000 1.000000 -0.000000 0.000000
-0.000000 -0.000000 1.000000 -0.000000
0.000000 0.000000 -0.000000 1.000000
BoneName: mixamorig:Spine1
BoneIndex: 6
ParentIndex: 5
BoneChildCount: 1
7
1.000000 0.000000 -0.000000 0.000000
0.000000 0.997344 -0.072829 0.000000
-0.000000 0.072829 0.997344 -0.000000
0.000000 -126.776413 8.986022 1.000000
1.000000 0.000000 -0.000000 0.000000
0.000000 1.000000 -0.000000 0.000000
-0.000000 -0.000000 1.000000 -0.000000
0.000000 12.864401 0.000000 1.000000
BoneName: mixamorig:Spine2
BoneIndex: 7
ParentIndex: 6
BoneChildCount: 3
8
13
75
1.000000 0.000000 -0.000000 0.000000
0.000000 0.997344 -0.072829 0.000000
-0.000000 0.072829 0.997344 -0.000000
0.000000 -141.478577 8.986022 1.000000
1.000000 0.000000 -0.000000 0.000000
0.000000 1.000000 -0.000000 0.000000
-0.000000 -0.000000 1.000000 -0.000000
0.000000 14.702159 -0.000000 1.000000
BoneName: mixamorig:Neck_$AssimpFbx$_Translation
BoneIndex: 8
ParentIndex: 7
BoneChildCount: 1
9
1.000000 0.000000 0.000000 0.000000
0.000000 1.000000 0.000000 0.000000
0.000000 0.000000 1.000000 0.000000
0.000000 0.000000 0.000000 1.000000
1.000000 0.000000 -0.000000 0.000000
0.000000 1.000000 -0.000000 0.000000
-0.000000 -0.000000 1.000000 -0.000000
0.000000 16.539940 -0.000002 1.000000
BoneName: mixamorig:Neck_$AssimpFbx$_PreRotation
BoneIndex: 9
ParentIndex: 8
BoneChildCount: 1
10
1.000000 0.000000 0.000000 0.000000
0.000000 1.000000 0.000000 0.000000
0.000000 0.000000 1.000000 0.000000
0.000000 0.000000 0.000000 1.000000
1.000000 0.000000 -0.000000 0.000000
0.000000 0.997344 -0.072829 0.000000
-0.000000 0.072829 0.997344 -0.000000
0.000000 0.000000 -0.000000 1.000000
BoneName: mixamorig:Neck
BoneIndex: 10
ParentIndex: 9
BoneChildCount: 1
11
1.000000 0.000000 -0.000000 0.000000
0.000000 1.000000 0.000000 0.000000
-0.000000 -0.000000 1.000000 -0.000000
0.000000 -158.253326 -2.546185 1.000000
1.000000 0.000000 -0.000000 0.000000
0.000000 1.000000 -0.000000 0.000000
-0.000000 -0.000000 1.000000 -0.000000
0.000000 0.000000 -0.000000 1.000000
BoneName: mixamorig:Head
BoneIndex: 11
ParentIndex: 10
BoneChildCount: 1
12
1.000000 0.000000 -0.000000 0.000000
0.000000 1.000000 0.000000 0.000000
-0.000000 -0.000000 1.000000 -0.000000
0.000000 -164.441803 -0.224565 1.000000
1.000000 0.000000 -0.000000 0.000000
0.000000 1.000000 -0.000000 0.000000
-0.000000 -0.000000 1.000000 -0.000000
0.000000 6.188477 -2.321620 1.000000
BoneName: mixamorig:HeadTop_End
BoneIndex: 12
ParentIndex: 11
BoneChildCount: 0
1.000000 0.000000 -0.000000 0.000000
0.000000 1.000000 0.000000 0.000000
-0.000000 -0.000000 1.000000 -0.000000
0.000000 -188.159622 8.673226 1.000000
1.000000 0.000000 -0.000000 0.000000
0.000000 1.000000 -0.000000 0.000000
-0.000000 -0.000000 1.000000 -0.000000
0.000000 23.717819 -8.897791 1.000000
BoneName: mixamorig:LeftShoulder_$AssimpFbx$_Translation
BoneIndex: 13
ParentIndex: 7
BoneChildCount: 1
14
1.000000 0.000000 0.000000 0.000000
0.000000 1.000000 0.000000 0.000000
0.000000 0.000000 1.000000 0.000000
0.000000 0.000000 0.000000 1.000000
1.000000 0.000000 -0.000000 0.000000
0.000000 1.000000 -0.000000 0.000000
-0.000000 -0.000000 1.000000 -0.000000
7.985327 14.403621 0.124439 1.000000
BoneName: mixamorig:LeftShoulder_$AssimpFbx$_PreRotation
BoneIndex: 14
ParentIndex: 13
BoneChildCount: 1
15
1.000000 0.000000 0.000000 0.000000
0.000000 1.000000 0.000000 0.000000
0.000000 0.000000 1.000000 0.000000
0.000000 0.000000 0.000000 1.000000
-0.015628 0.000026 0.999878 0.000000
0.965663 -0.259358 0.015100 0.000000
0.259327 0.965781 0.004028 -0.000000
0.000000 0.000000 -0.000000 1.000000
BoneName: mixamorig:LeftShoulder
BoneIndex: 15
ParentIndex: 14
BoneChildCount: 1
16
-0.015628 0.965663 0.259327 0.000000
-0.072794 -0.259769 0.962923 0.000000
0.997225 -0.003828 0.074354 -0.000000
8.981239 32.852036 -152.583191 1.000000
1.000000 0.000000 -0.000000 0.000000
0.000000 1.000000 -0.000000 0.000000
-0.000000 -0.000000 1.000000 -0.000000
0.000000 0.000000 -0.000000 1.000000
BoneName: mixamorig:LeftArm_$AssimpFbx$_Translation
BoneIndex: 16
ParentIndex: 15
BoneChildCount: 1
17
1.000000 0.000000 0.000000 0.000000
0.000000 1.000000 0.000000 0.000000
0.000000 0.000000 1.000000 0.000000
0.000000 0.000000 0.000000 1.000000
1.000000 0.000000 -0.000000 0.000000
0.000000 1.000000 -0.000000 0.000000
-0.000000 -0.000000 1.000000 -0.000000
0.000000 16.443417 -0.000000 1.000000
BoneName: mixamorig:LeftArm_$AssimpFbx$_PreRotation
BoneIndex: 17
ParentIndex: 16
BoneChildCount: 1
18
1.000000 0.000000 0.000000 0.000000
0.000000 1.000000 0.000000 0.000000
0.000000 0.000000 1.000000 0.000000
0.000000 0.000000 0.000000 1.000000
0.997591 -0.069377 -0.000000 0.000000
0.068756 0.988660 0.133504 0.000000
-0.009262 -0.133183 0.991048 -0.000000
0.000000 0.000000 -0.000000 1.000000
BoneName: mixamorig:LeftArm
BoneIndex: 18
ParentIndex: 17
BoneChildCount: 1
19
-0.082585 0.988260 0.128541 0.000000
-0.054597 -0.133274 0.989574 0.000000
0.995087 0.074706 0.064962 -0.000000
7.821224 -3.530456 -153.485840 1.000000
1.000000 0.000000 -0.000000 0.000000
0.000000 1.000000 -0.000000 0.000000
-0.000000 -0.000000 1.000000 -0.000000
0.000000 0.000000 -0.000000 1.000000
BoneName: mixamorig:LeftForeArm_$AssimpFbx$_Translation
BoneIndex: 19
ParentIndex: 18
BoneChildCount: 1
20
1.000000 0.000000 0.000000 0.000000
0.000000 1.000000 0.000000 0.000000
0.000000 0.000000 1.000000 0.000000
0.000000 0.000000 0.000000 1.000000
1.000000 0.000000 -0.000000 0.000000
0.000000 1.000000 -0.000000 0.000000
-0.000000 -0.000000 1.000000 -0.000000
0.000000 20.702911 -0.000000 1.000000
BoneName: mixamorig:LeftForeArm_$AssimpFbx$_PreRotation
BoneIndex: 20
ParentIndex: 19
BoneChildCount: 1
21
1.000000 0.000000 0.000000 0.000000
0.000000 1.000000 0.000000 0.000000
0.000000 0.000000 1.000000 0.000000
0.000000 0.000000 0.000000 1.000000
0.973581 0.228340 -0.000000 0.000000
-0.227190 0.968679 0.100224 0.000000
0.022885 -0.097576 0.994965 -0.000000
0.000000 0.000000 -0.000000 1.000000
BoneName: mixamorig:LeftForeArm
BoneIndex: 21
ParentIndex: 20
BoneChildCount: 1
22
0.145256 0.988952 0.029573 0.000000
-0.083586 -0.017517 0.996347 0.000000
0.985857 -0.147197 0.080118 -0.000000
2.081152 -40.634182 -150.169449 1.000000
1.000000 0.000000 -0.000000 0.000000
0.000000 1.000000 -0.000000 0.000000
-0.000000 -0.000000 1.000000 -0.000000
0.000000 0.000000 -0.000000 1.000000
BoneName: mixamorig:LeftHand_$AssimpFbx$_Translation
BoneIndex: 22
ParentIndex: 21
BoneChildCount: 1
23
1.000000 0.000000 0.000000 0.000000
0.000000 1.000000 0.000000 0.000000
0.000000 0.000000 1.000000 0.000000
0.000000 0.000000 0.000000 1.000000
1.000000 0.000000 -0.000000 0.000000
0.000000 1.000000 -0.000000 0.000000
-0.000000 -0.000000 1.000000 -0.000000
-0.000000 28.480791 -0.000000 1.000000
BoneName: mixamorig:LeftHand_$AssimpFbx$_PreRotation
BoneIndex: 23
ParentIndex: 22
BoneChildCount: 1
24
1.000000 0.000000 0.000000 0.000000
0.000000 1.000000 0.000000 0.000000
0.000000 0.000000 1.000000 0.000000
0.000000 0.000000 0.000000 1.000000
0.972875 0.064872 -0.222050 0.000000
-0.112243 0.971690 -0.207893 0.000000
0.202277 0.227177 0.952615 -0.000000
0.000000 0.000000 -0.000000 1.000000
BoneName: mixamorig:LeftHand
BoneIndex: 24
ParentIndex: 23
BoneChildCount: 5
25
35
45
55
65
0.198904 0.938503 0.282221 0.000000
-0.303694 -0.214773 0.928247 0.000000
0.931776 -0.270341 0.242299 -0.000000
30.886150 -36.172806 -158.333969 1.000000
1.000000 0.000000 -0.000000 0.000000
0.000000 1.000000 -0.000000 0.000000
-0.000000 -0.000000 1.000000 -0.000000
0.000000 0.000000 -0.000000 1.000000
BoneName: mixamorig:LeftHandThumb1_$AssimpFbx$_Translation
BoneIndex: 25
ParentIndex: 24
BoneChildCount: 1
26
1.000000 0.000000 0.000000 0.000000
0.000000 1.000000 0.000000 0.000000
0.000000 0.000000 1.000000 0.000000
0.000000 0.000000 0.000000 1.000000
1.000000 0.000000 -0.000000 0.000000
0.000000 1.000000 -0.000000 0.000000
-0.000000 -0.000000 1.000000 -0.000000
-2.770290 3.260447 -1.371969 1.000000
BoneName: mixamorig:LeftHandThumb1_$AssimpFbx$_PreRotation
BoneIndex: 26
ParentIndex: 25
BoneChildCount: 1
27
1.000000 0.000000 0.000000 0.000000
0.000000 1.000000 0.000000 0.000000
0.000000 0.000000 1.000000 0.000000
0.000000 0.000000 0.000000 1.000000
0.781580 0.623805 -0.000000 0.000000
-0.593986 0.744218 -0.305484 0.000000
-0.190562 0.238760 0.952197 -0.000000
0.000000 0.000000 -0.000000 1.000000
BoneName: mixamorig:LeftHandThumb1
BoneIndex: 27
ParentIndex: 26
BoneChildCount: 1
28
0.740903 0.494091 0.454904 0.000000
-0.371337 -0.263012 0.890468 0.000000
0.559617 -0.828673 -0.011392 -0.000000
1.706525 -1.389073 -165.287521 1.000000
1.000000 0.000000 -0.000000 0.000000
0.000000 1.000000 -0.000000 0.000000
-0.000000 -0.000000 1.000000 -0.000000
0.000000 0.000000 -0.000000 1.000000
BoneName: mixamorig:LeftHandThumb2_$AssimpFbx$_Translation
BoneIndex: 28
ParentIndex: 27
BoneChildCount: 1
29
1.000000 0.000000 0.000000 0.000000
0.000000 1.000000 0.000000 0.000000
0.000000 0.000000 1.000000 0.000000
0.000000 0.000000 0.000000 1.000000
1.000000 0.000000 -0.000000 0.000000
0.000000 1.000000 -0.000000 0.000000
-0.000000 -0.000000 1.000000 -0.000000
-0.105061 3.592884 0.000000 1.000000
BoneName: mixamorig:LeftHandThumb2_$AssimpFbx$_PreRotation
BoneIndex: 29
ParentIndex: 28
BoneChildCount: 1
30
1.000000 0.000000 0.000000 0.000000
0.000000 1.000000 0.000000 0.000000
0.000000 0.000000 1.000000 0.000000
0.000000 0.000000 0.000000 1.000000
1.000000 0.000000 -0.000000 0.000000
0.000000 0.989067 -0.147469 0.000000
-0.000000 0.147469 0.989067 -0.000000
0.000000 0.000000 -0.000000 1.000000
BoneName: mixamorig:LeftHandThumb2
BoneIndex: 30
ParentIndex: 29
BoneChildCount: 1
31
0.740903 0.421605 0.522793 0.000000
-0.371337 -0.391453 0.841946 0.000000
0.559617 -0.817933 -0.133471 -0.000000
1.811586 19.447279 -164.215073 1.000000
1.000000 0.000000 -0.000000 0.000000
0.000000 1.000000 -0.000000 0.000000
-0.000000 -0.000000 1.000000 -0.000000
0.000000 0.000000 -0.000000 1.000000
BoneName: mixamorig:LeftHandThumb3_$AssimpFbx$_Translation
BoneIndex: 31
ParentIndex: 30
BoneChildCount: 1
32
1.000000 0.000000 0.000000 0.000000
0.000000 1.000000 0.000000 0.000000
0.000000 0.000000 1.000000 0.000000
0.000000 0.000000 0.000000 1.000000
1.000000 0.000000 -0.000000 0.000000
0.000000 1.000000 -0.000000 0.000000
-0.000000 -0.000000 1.000000 -0.000000
-0.033138 3.493665 0.000000 1.000000
BoneName: mixamorig:LeftHandThumb3_$AssimpFbx$_PreRotation
BoneIndex: 32
ParentIndex: 31
BoneChildCount: 1
33
1.000000 0.000000 0.000000 0.000000
0.000000 1.000000 0.000000 0.000000
0.000000 0.000000 1.000000 0.000000
0.000000 0.000000 0.000000 1.000000
1.000000 0.000000 -0.000000 0.000000
0.000000 0.998617 -0.052569 0.000000
-0.000000 0.052569 0.998617 -0.000000
0.000000 0.000000 -0.000000 1.000000
BoneName: mixamorig:LeftHandThumb3
BoneIndex: 33
ParentIndex: 32
BoneChildCount: 1
34
0.740903 0.393539 0.544233 0.000000
-0.371337 -0.435172 0.820204 0.000000
0.559617 -0.809785 -0.176284 -0.000000
1.844724 24.564121 -163.149353 1.000000
1.000000 0.000000 -0.000000 0.000000
0.000000 1.000000 -0.000000 0.000000
-0.000000 -0.000000 1.000000 -0.000000
0.000000 0.000000 -0.000000 1.000000
BoneName: mixamorig:LeftHandThumb4
BoneIndex: 34
ParentIndex: 33
BoneChildCount: 0
0.740903 0.393539 0.544233 0.000000
-0.371337 -0.435172 0.820204 0.000000
0.559617 -0.809785 -0.176284 -0.000000
1.706525 21.941502 -163.149353 1.000000
1.000000 0.000000 -0.000000 0.000000
0.000000 1.000000 -0.000000 0.000000
-0.000000 -0.000000 1.000000 -0.000000
0.138198 2.622627 -0.000000 1.000000
BoneName: mixamorig:LeftHandIndex1_$AssimpFbx$_Translation
BoneIndex: 35
ParentIndex: 24
BoneChildCount: 1
36
1.000000 0.000000 0.000000 0.000000
0.000000 1.000000 0.000000 0.000000
0.000000 0.000000 1.000000 0.000000
0.000000 0.000000 0.000000 1.000000
1.000000 0.000000 -0.000000 0.000000
0.000000 1.000000 -0.000000 0.000000
-0.000000 -0.000000 1.000000 -0.000000
-3.258903 10.756469 -0.003820 1.000000
BoneName: mixamorig:LeftHandIndex1_$AssimpFbx$_PreRotation
BoneIndex: 36
ParentIndex: 35
BoneChildCount: 1
37
1.000000 0.000000 0.000000 0.000000
0.000000 1.000000 0.000000 0.000000
0.000000 0.000000 1.000000 0.000000
0.000000 0.000000 0.000000 1.000000
0.975732 0.218968 0.000000 0.000000
-0.218358 0.973014 -0.074591 0.000000
-0.016333 0.072780 0.997214 -0.000000
0.000000 0.000000 -0.000000 1.000000
BoneName: mixamorig:LeftHandIndex1
BoneIndex: 37
ParentIndex: 36
BoneChildCount: 1
38
0.399579 0.848693 0.346491 0.000000
-0.343352 -0.211902 0.914990 0.000000
0.849968 -0.484579 0.206729 -0.000000
23.040421 -41.308735 -161.862305 1.000000
1.000000 0.000000 -0.000000 0.000000
0.000000 1.000000 -0.000000 0.000000
-0.000000 -0.000000 1.000000 -0.000000
0.000000 0.000000 -0.000000 1.000000
BoneName: mixamorig:LeftHandIndex2_$AssimpFbx$_Translation
BoneIndex: 38
ParentIndex: 37
BoneChildCount: 1
39
1.000000 0.000000 0.000000 0.000000
0.000000 1.000000 0.000000 0.000000
0.000000 0.000000 1.000000 0.000000
0.000000 0.000000 0.000000 1.000000
1.000000 0.000000 -0.000000 0.000000
0.000000 1.000000 -0.000000 0.000000
-0.000000 -0.000000 1.000000 -0.000000
0.109371 2.853128 -0.000000 1.000000
BoneName: mixamorig:LeftHandIndex2_$AssimpFbx$_PreRotation
BoneIndex: 39
ParentIndex: 38
BoneChildCount: 1
40
1.000000 0.000000 0.000000 0.000000
0.000000 1.000000 0.000000 0.000000
0.000000 0.000000 1.000000 0.000000
0.000000 0.000000 0.000000 1.000000
1.000000 0.000000 -0.000000 0.000000
0.000000 0.949059 -0.315097 0.000000
-0.000000 0.315097 0.949059 -0.000000
0.000000 0.000000 -0.000000 1.000000
BoneName: mixamorig:LeftHandIndex2
BoneIndex: 40
ParentIndex: 39
BoneChildCount: 1
41
0.399579 0.696282 0.596262 0.000000
-0.343352 -0.489418 0.801610 0.000000
0.849968 -0.525035 0.043509 -0.000000
22.931049 9.090156 -167.532211 1.000000
1.000000 0.000000 -0.000000 0.000000
0.000000 1.000000 -0.000000 0.000000
-0.000000 -0.000000 1.000000 -0.000000
0.000000 0.000000 -0.000000 1.000000
BoneName: mixamorig:LeftHandIndex3_$AssimpFbx$_Translation
BoneIndex: 41
ParentIndex: 40
BoneChildCount: 1
42
1.000000 0.000000 0.000000 0.000000
0.000000 1.000000 0.000000 0.000000
0.000000 0.000000 1.000000 0.000000
0.000000 0.000000 0.000000 1.000000
1.000000 0.000000 -0.000000 0.000000
0.000000 1.000000 -0.000000 0.000000
-0.000000 -0.000000 1.000000 -0.000000
-0.061237 2.685963 -0.000000 1.000000
BoneName: mixamorig:LeftHandIndex3_$AssimpFbx$_PreRotation
BoneIndex: 42
ParentIndex: 41
BoneChildCount: 1
43
1.000000 0.000000 0.000000 0.000000
0.000000 1.000000 0.000000 0.000000
0.000000 0.000000 1.000000 0.000000
0.000000 0.000000 0.000000 1.000000
1.000000 0.000000 -0.000000 0.000000
0.000000 0.999972 0.007531 0.000000
-0.000000 -0.007531 0.999972 -0.000000
0.000000 0.000000 -0.000000 1.000000
BoneName: mixamorig:LeftHandIndex3
BoneIndex: 43
ParentIndex: 42
BoneChildCount: 1
44
0.399579 0.700753 0.591001 0.000000
-0.343352 -0.483367 0.805273 0.000000
0.849968 -0.524692 0.047461 -0.000000
22.992285 5.142335 -167.575699 1.000000
1.000000 0.000000 -0.000000 0.000000
0.000000 1.000000 -0.000000 0.000000
-0.000000 -0.000000 1.000000 -0.000000
0.000000 0.000000 -0.000000 1.000000
BoneName: mixamorig:LeftHandIndex4
BoneIndex: 44
ParentIndex: 43
BoneChildCount: 0
0.399579 0.700753 0.591001 0.000000
-0.343352 -0.483367 0.805273 0.000000
0.849968 -0.524692 0.047462 -0.000000
23.040421 2.892497 -167.575699 1.000000
1.000000 0.000000 -0.000000 0.000000
0.000000 1.000000 -0.000000 0.000000
-0.000000 -0.000000 1.000000 -0.000000
-0.048135 2.249833 0.000000 1.000000
BoneName: mixamorig:LeftHandMiddle1_$AssimpFbx$_Translation
BoneIndex: 45
ParentIndex: 24
BoneChildCount: 1
46
1.000000 0.000000 0.000000 0.000000
0.000000 1.000000 0.000000 0.000000
0.000000 0.000000 1.000000 0.000000
0.000000 0.000000 0.000000 1.000000
1.000000 0.000000 -0.000000 0.000000
0.000000 1.000000 -0.000000 0.000000
-0.000000 -0.000000 1.000000 -0.000000
-1.104982 11.061543 0.178979 1.000000
BoneName: mixamorig:LeftHandMiddle1_$AssimpFbx$_PreRotation
BoneIndex: 46
ParentIndex: 45
BoneChildCount: 1
47
1.000000 0.000000 0.000000 0.000000
0.000000 1.000000 0.000000 0.000000
0.000000 0.000000 1.000000 0.000000
0.000000 0.000000 0.000000 1.000000
0.999615 -0.027734 0.000000 0.000000
0.027726 0.999345 -0.023271 0.000000
0.000645 0.023262 0.999729 -0.000000
0.000000 0.000000 -0.000000 1.000000
BoneName: mixamorig:LeftHandMiddle1
BoneIndex: 47
ParentIndex: 46
BoneChildCount: 1
48
0.172800 0.936836 0.304104 0.000000
-0.297621 -0.244653 0.922804 0.000000
0.938915 -0.249968 0.236546 -0.000000
33.288799 -42.627686 -159.548126 1.000000
1.000000 0.000000 -0.000000 0.000000
0.000000 1.000000 -0.000000 0.000000
-0.000000 -0.000000 1.000000 -0.000000
0.000000 0.000000 -0.000000 1.000000
BoneName: mixamorig:LeftHandMiddle2_$AssimpFbx$_Translation
BoneIndex: 48
ParentIndex: 47
BoneChildCount: 1
49
1.000000 0.000000 0.000000 0.000000
0.000000 1.000000 0.000000 0.000000
0.000000 0.000000 1.000000 0.000000
0.000000 0.000000 0.000000 1.000000
1.000000 0.000000 -0.000000 0.000000
0.000000 1.000000 -0.000000 0.000000
-0.000000 -0.000000 1.000000 -0.000000
0.088648 3.112893 -0.000000 1.000000
BoneName: mixamorig:LeftHandMiddle2_$AssimpFbx$_PreRotation
BoneIndex: 49
ParentIndex: 48
BoneChildCount: 1
50
1.000000 0.000000 0.000000 0.000000
0.000000 1.000000 0.000000 0.000000
0.000000 0.000000 1.000000 0.000000
0.000000 0.000000 0.000000 1.000000
1.000000 0.000000 -0.000000 0.000000
0.000000 0.908301 -0.418317 0.000000
-0.000000 0.418317 0.908301 -0.000000
0.000000 0.000000 -0.000000 1.000000
BoneName: mixamorig:LeftHandMiddle2
BoneIndex: 50
ParentIndex: 49
BoneChildCount: 1
51
0.172800 0.723717 0.668112 0.000000
-0.297621 -0.608243 0.735841 0.000000
0.938915 -0.325997 0.110289 -0.000000
33.200150 25.195395 -164.051819 1.000000
1.000000 0.000000 -0.000000 0.000000
0.000000 1.000000 -0.000000 0.000000
-0.000000 -0.000000 1.000000 -0.000000
0.000000 0.000000 -0.000000 1.000000
BoneName: mixamorig:LeftHandMiddle3_$AssimpFbx$_Translation
BoneIndex: 51
ParentIndex: 50
BoneChildCount: 1
52
1.000000 0.000000 0.000000 0.000000
0.000000 1.000000 0.000000 0.000000
0.000000 0.000000 1.000000 0.000000
0.000000 0.000000 0.000000 1.000000
1.000000 0.000000 -0.000000 0.000000
0.000000 1.000000 -0.000000 0.000000
-0.000000 -0.000000 1.000000 -0.000000
-0.039374 3.016294 0.000000 1.000000
BoneName: mixamorig:LeftHandMiddle3_$AssimpFbx$_PreRotation
BoneIndex: 52
ParentIndex: 51
BoneChildCount: 1
53
1.000000 0.000000 0.000000 0.000000
0.000000 1.000000 0.000000 0.000000
0.000000 0.000000 1.000000 0.000000
0.000000 0.000000 0.000000 1.000000
1.000000 0.000000 -0.000000 0.000000
0.000000 0.997395 -0.072133 0.000000
-0.000000 0.072133 0.997395 -0.000000
0.000000 0.000000 -0.000000 1.000000
BoneName: mixamorig:LeftHandMiddle3
BoneIndex: 53
ParentIndex: 52
BoneChildCount: 1
54
0.172800 0.673639 0.718576 0.000000
-0.297621 -0.659737 0.690050 0.000000
0.938915 -0.333103 0.086487 -0.000000
33.239525 33.954865 -162.024628 1.000000
1.000000 0.000000 -0.000000 0.000000
0.000000 1.000000 -0.000000 0.000000
-0.000000 -0.000000 1.000000 -0.000000
0.000000 0.000000 -0.000000 1.000000
BoneName: mixamorig:LeftHandMiddle4
BoneIndex: 54
ParentIndex: 53
BoneChildCount: 0
0.172800 0.673639 0.718576 0.000000
-0.297621 -0.659737 0.690050 0.000000
0.938915 -0.333103 0.086487 -0.000000
33.288799 31.486944 -162.024628 1.000000
1.000000 0.000000 -0.000000 0.000000
0.000000 1.000000 -0.000000 0.000000
-0.000000 -0.000000 1.000000 -0.000000
-0.049274 2.467938 -0.000000 1.000000
BoneName: mixamorig:LeftHandRing1_$AssimpFbx$_Translation
BoneIndex: 55
ParentIndex: 24
BoneChildCount: 1
56
1.000000 0.000000 0.000000 0.000000
0.000000 1.000000 0.000000 0.000000
0.000000 0.000000 1.000000 0.000000
0.000000 0.000000 0.000000 1.000000
1.000000 0.000000 -0.000000 0.000000
0.000000 1.000000 -0.000000 0.000000
-0.000000 -0.000000 1.000000 -0.000000
1.260879 10.768150 0.117530 1.000000
BoneName: mixamorig:LeftHandRing1_$AssimpFbx$_PreRotation
BoneIndex: 56
ParentIndex: 55
BoneChildCount: 1
57
1.000000 0.000000 0.000000 0.000000
0.000000 1.000000 0.000000 0.000000
0.000000 0.000000 1.000000 0.000000
0.000000 0.000000 0.000000 1.000000
0.989613 -0.143755 -0.000000 0.000000
0.142955 0.984103 -0.105385 0.000000
0.015150 0.104290 0.994431 -0.000000
0.000000 0.000000 -0.000000 1.000000
BoneName: mixamorig:LeftHandRing1
BoneIndex: 57
ParentIndex: 56
BoneChildCount: 1
58
0.061924 0.922276 0.381540 0.000000
-0.269665 -0.352596 0.896078 0.000000
0.960961 -0.158376 0.226871 -0.000000
36.065563 -25.261225 -162.015839 1.000000
1.000000 0.000000 -0.000000 0.000000
0.000000 1.000000 -0.000000 0.000000
-0.000000 -0.000000 1.000000 -0.000000
0.000000 0.000000 -0.000000 1.000000
BoneName: mixamorig:LeftHandRing2_$AssimpFbx$_Translation
BoneIndex: 58
ParentIndex: 57
BoneChildCount: 1
59
1.000000 0.000000 0.000000 0.000000
0.000000 1.000000 0.000000 0.000000
0.000000 0.000000 1.000000 0.000000
0.000000 0.000000 0.000000 1.000000
1.000000 0.000000 -0.000000 0.000000
0.000000 1.000000 -0.000000 0.000000
-0.000000 -0.000000 1.000000 -0.000000
0.039008 2.933240 -0.000000 1.000000
BoneName: mixamorig:LeftHandRing2_$AssimpFbx$_PreRotation
BoneIndex: 59
ParentIndex: 58
BoneChildCount: 1
60
1.000000 0.000000 0.000000 0.000000
0.000000 1.000000 0.000000 0.000000
0.000000 0.000000 1.000000 0.000000
0.000000 0.000000 0.000000 1.000000
1.000000 0.000000 -0.000000 0.000000
0.000000 0.958275 -0.285846 0.000000
-0.000000 0.285846 0.958275 -0.000000
0.000000 0.000000 -0.000000 1.000000
BoneName: mixamorig:LeftHandRing2
BoneIndex: 60
ParentIndex: 59
BoneChildCount: 1
61
0.061924 0.774732 0.629250 0.000000
-0.269665 -0.594025 0.757902 0.000000
0.960961 -0.216618 0.172134 -0.000000
36.026554 19.293587 -163.315094 1.000000
1.000000 0.000000 -0.000000 0.000000
0.000000 1.000000 -0.000000 0.000000
-0.000000 -0.000000 1.000000 -0.000000
0.000000 0.000000 -0.000000 1.000000
BoneName: mixamorig:LeftHandRing3_$AssimpFbx$_Translation
BoneIndex: 61
ParentIndex: 60
BoneChildCount: 1
62
1.000000 0.000000 0.000000 0.000000
0.000000 1.000000 0.000000 0.000000
0.000000 0.000000 1.000000 0.000000
0.000000 0.000000 0.000000 1.000000
1.000000 0.000000 -0.000000 0.000000
0.000000 1.000000 -0.000000 0.000000
-0.000000 -0.000000 1.000000 -0.000000
-0.003802 2.869819 0.000000 1.000000
BoneName: mixamorig:LeftHandRing3_$AssimpFbx$_PreRotation
BoneIndex: 62
ParentIndex: 61
BoneChildCount: 1
63
1.000000 0.000000 0.000000 0.000000
0.000000 1.000000 0.000000 0.000000
0.000000 0.000000 1.000000 0.000000
0.000000 0.000000 0.000000 1.000000
1.000000 0.000000 -0.000000 0.000000
0.000000 0.970306 -0.241881 0.000000
-0.000000 0.241881 0.970306 -0.000000
0.000000 0.000000 -0.000000 1.000000
BoneName: mixamorig:LeftHandRing3
BoneIndex: 63
ParentIndex: 62
BoneChildCount: 1
64
0.061924 0.599524 0.797958 0.000000
-0.269665 -0.759708 0.591713 0.000000
0.960961 -0.251822 0.114627 -0.000000
36.030357 55.438911 -154.492996 1.000000
1.000000 0.000000 -0.000000 0.000000
0.000000 1.000000 -0.000000 0.000000
-0.000000 -0.000000 1.000000 -0.000000
0.000000 0.000000 -0.000000 1.000000
BoneName: mixamorig:LeftHandRing4
BoneIndex: 64
ParentIndex: 63
BoneChildCount: 0
0.061924 0.599524 0.797958 0.000000
-0.269665 -0.759708 0.591713 0.000000
0.960961 -0.251822 0.114627 -0.000000
36.065563 52.856445 -154.492996 1.000000
1.000000 0.000000 -0.000000 0.000000
0.000000 1.000000 -0.000000 0.000000
-0.000000 -0.000000 1.000000 -0.000000
-0.035205 2.582460 0.000000 1.000000
BoneName: mixamorig:LeftHandPinky1_$AssimpFbx$_Translation
BoneIndex: 65
ParentIndex: 24
BoneChildCount: 1
66
1.000000 0.000000 0.000000 0.000000
0.000000 1.000000 0.000000 0.000000
0.000000 0.000000 1.000000 0.000000
0.000000 0.000000 0.000000 1.000000
1.000000 0.000000 -0.000000 0.000000
0.000000 1.000000 -0.000000 0.000000
-0.000000 -0.000000 1.000000 -0.000000
3.103006 9.804624 0.256461 1.000000
BoneName: mixamorig:LeftHandPinky1_$AssimpFbx$_PreRotation
BoneIndex: 66
ParentIndex: 65
BoneChildCount: 1
67
1.000000 0.000000 0.000000 0.000000
0.000000 1.000000 0.000000 0.000000
0.000000 0.000000 1.000000 0.000000
0.000000 0.000000 0.000000 1.000000
0.923757 -0.382980 -0.000000 0.000000
0.371070 0.895028 -0.247451 0.000000
0.094769 0.228585 0.968900 -0.000000
0.000000 0.000000 -0.000000 1.000000
BoneName: mixamorig:LeftHandPinky1
BoneIndex: 67
ParentIndex: 66
BoneChildCount: 1
68
-0.175689 0.843958 0.506822 0.000000
-0.198286 -0.534615 0.821504 0.000000
0.964270 0.043834 0.261271 -0.000000
43.273304 8.401831 -161.535080 1.000000
1.000000 0.000000 -0.000000 0.000000
0.000000 1.000000 -0.000000 0.000000
-0.000000 -0.000000 1.000000 -0.000000
0.000000 0.000000 -0.000000 1.000000
BoneName: mixamorig:LeftHandPinky2_$AssimpFbx$_Translation
BoneIndex: 68
ParentIndex: 67
BoneChildCount: 1
69
1.000000 0.000000 0.000000 0.000000
0.000000 1.000000 0.000000 0.000000
0.000000 0.000000 1.000000 0.000000
0.000000 0.000000 0.000000 1.000000
1.000000 0.000000 -0.000000 0.000000
0.000000 1.000000 -0.000000 0.000000
-0.000000 -0.000000 1.000000 -0.000000
-0.028648 2.793061 -0.000000 1.000000
BoneName: mixamorig:LeftHandPinky2_$AssimpFbx$_PreRotation
BoneIndex: 69
ParentIndex: 68
BoneChildCount: 1
70
1.000000 0.000000 0.000000 0.000000
0.000000 1.000000 0.000000 0.000000
0.000000 0.000000 1.000000 0.000000
0.000000 0.000000 0.000000 1.000000
1.000000 0.000000 -0.000000 0.000000
0.000000 0.953661 -0.300883 0.000000
-0.000000 0.300883 0.953661 -0.000000
0.000000 0.000000 -0.000000 1.000000
BoneName: mixamorig:LeftHandPinky2
BoneIndex: 70
ParentIndex: 69
BoneChildCount: 1
71
-0.175689 0.652356 0.737269 0.000000
-0.198286 -0.757018 0.622580 0.000000
0.964270 -0.036809 0.262353 -0.000000
43.301952 53.951977 -152.362152 1.000000
1.000000 0.000000 -0.000000 0.000000
0.000000 1.000000 -0.000000 0.000000
-0.000000 -0.000000 1.000000 -0.000000
0.000000 0.000000 -0.000000 1.000000
BoneName: mixamorig:LeftHandPinky3_$AssimpFbx$_Translation
BoneIndex: 71
ParentIndex: 70
BoneChildCount: 1
72
1.000000 0.000000 0.000000 0.000000
0.000000 1.000000 0.000000 0.000000
0.000000 0.000000 1.000000 0.000000
0.000000 0.000000 0.000000 1.000000
1.000000 0.000000 -0.000000 0.000000
0.000000 1.000000 -0.000000 0.000000
-0.000000 -0.000000 1.000000 -0.000000
0.003506 2.307577 -0.000000 1.000000
BoneName: mixamorig:LeftHandPinky3_$AssimpFbx$_PreRotation
BoneIndex: 72
ParentIndex: 71
BoneChildCount: 1
73
1.000000 0.000000 0.000000 0.000000
0.000000 1.000000 0.000000 0.000000
0.000000 0.000000 1.000000 0.000000
0.000000 0.000000 0.000000 1.000000
1.000000 0.000000 -0.000000 0.000000
0.000000 0.980726 -0.195386 0.000000
-0.000000 0.195386 0.980726 -0.000000
0.000000 0.000000 -0.000000 1.000000
BoneName: mixamorig:LeftHandPinky3
BoneIndex: 73
ParentIndex: 72
BoneChildCount: 1
74
-0.175689 0.495731 0.850520 0.000000
-0.198286 -0.864071 0.462670 0.000000
0.964270 -0.087360 0.250104 -0.000000
43.298447 80.418434 -139.335007 1.000000
1.000000 0.000000 -0.000000 0.000000
0.000000 1.000000 -0.000000 0.000000
-0.000000 -0.000000 1.000000 -0.000000
0.000000 0.000000 -0.000000 1.000000
BoneName: mixamorig:LeftHandPinky4
BoneIndex: 74
ParentIndex: 73
BoneChildCount: 0
-0.175689 0.495731 0.850520 0.000000
-0.198286 -0.864071 0.462670 0.000000
0.964270 -0.087360 0.250104 -0.000000
43.273304 78.390846 -139.335007 1.000000
1.000000 0.000000 -0.000000 0.000000
0.000000 1.000000 -0.000000 0.000000
-0.000000 -0.000000 1.000000 -0.000000
0.025142 2.027596 -0.000000 1.000000
BoneName: mixamorig:RightShoulder_$AssimpFbx$_Translation
BoneIndex: 75
ParentIndex: 7
BoneChildCount: 1
76
1.000000 0.000000 0.000000 0.000000
0.000000 1.000000 0.000000 0.000000
0.000000 0.000000 1.000000 0.000000
0.000000 0.000000 0.000000 1.000000
1.000000 0.000000 -0.000000 0.000000
0.000000 1.000000 -0.000000 0.000000
-0.000000 -0.000000 1.000000 -0.000000
-7.985327 14.408205 0.187225 1.000000
BoneName: mixamorig:RightShoulder_$AssimpFbx$_PreRotation
BoneIndex: 76
ParentIndex: 75
BoneChildCount: 1
77
1.000000 0.000000 0.000000 0.000000
0.000000 1.000000 0.000000 0.000000
0.000000 0.000000 1.000000 0.000000
0.000000 0.000000 0.000000 1.000000
-0.023526 -0.000048 -0.999723 0.000000
-0.965663 -0.258801 0.022737 0.000000
-0.258731 0.965931 0.006042 -0.000000
0.000000 0.000000 -0.000000 1.000000
BoneName: mixamorig:RightShoulder
BoneIndex: 77
ParentIndex: 76
BoneChildCount: 1
78
-0.023526 -0.965663 -0.258731 0.000000
0.072761 -0.259770 0.962925 0.000000
-0.997072 0.003828 0.076374 -0.000000
-8.976744 32.832588 -152.588699 1.000000
1.000000 0.000000 -0.000000 0.000000
0.000000 1.000000 -0.000000 0.000000
-0.000000 -0.000000 1.000000 -0.000000
0.000000 0.000000 -0.000000 1.000000
BoneName: mixamorig:RightArm_$AssimpFbx$_Translation
BoneIndex: 78
ParentIndex: 77
BoneChildCount: 1
79
1.000000 0.000000 0.000000 0.000000
0.000000 1.000000 0.000000 0.000000
0.000000 0.000000 1.000000 0.000000
0.000000 0.000000 0.000000 1.000000
1.000000 0.000000 -0.000000 0.000000
0.000000 1.000000 -0.000000 0.000000
-0.000000 -0.000000 1.000000 -0.000000
0.000000 16.443417 -0.000000 1.000000
BoneName: mixamorig:RightArm_$AssimpFbx$_PreRotation
BoneIndex: 79
ParentIndex: 78
BoneChildCount: 1
80
1.000000 0.000000 0.000000 0.000000
0.000000 1.000000 0.000000 0.000000
0.000000 0.000000 1.000000 0.000000
0.000000 0.000000 0.000000 1.000000
0.998693 0.051120 -0.000000 0.000000
-0.050671 0.989904 0.132371 0.000000
0.006767 -0.132198 0.991200 -0.000000
0.000000 0.000000 -0.000000 1.000000
BoneName: mixamorig:RightArm
BoneIndex: 80
ParentIndex: 79
BoneChildCount: 1
81
-0.072861 -0.988970 -0.128954 0.000000
0.059386 -0.133370 0.989285 0.000000
-0.995573 0.064422 0.068449 -0.000000
-8.127185 -3.519766 -153.473312 1.000000
1.000000 0.000000 -0.000000 0.000000
0.000000 1.000000 -0.000000 0.000000
-0.000000 -0.000000 1.000000 -0.000000
0.000000 0.000000 -0.000000 1.000000
BoneName: mixamorig:RightForeArm_$AssimpFbx$_Translation
BoneIndex: 81
ParentIndex: 80
BoneChildCount: 1
82
1.000000 0.000000 0.000000 0.000000
0.000000 1.000000 0.000000 0.000000
0.000000 0.000000 1.000000 0.000000
0.000000 0.000000 0.000000 1.000000
1.000000 0.000000 -0.000000 0.000000
0.000000 1.000000 -0.000000 0.000000
-0.000000 -0.000000 1.000000 -0.000000
-0.000000 20.688032 -0.000000 1.000000
BoneName: mixamorig:RightForeArm_$AssimpFbx$_PreRotation
BoneIndex: 82
ParentIndex: 81
BoneChildCount: 1
83
1.000000 0.000000 0.000000 0.000000
0.000000 1.000000 0.000000 0.000000
0.000000 0.000000 1.000000 0.000000
0.000000 0.000000 0.000000 1.000000
0.975661 -0.219282 -0.000000 0.000000
0.218182 0.970764 0.100070 0.000000
-0.021944 -0.097635 0.994980 -0.000000
0.000000 0.000000 -0.000000 1.000000
BoneName: mixamorig:RightForeArm
BoneIndex: 83
ParentIndex: 82
BoneChildCount: 1
84
0.145776 -0.988858 -0.030150 0.000000
0.087187 -0.017516 0.996038 0.000000
-0.985468 -0.147828 0.083662 -0.000000
-2.621038 -40.631390 -150.161072 1.000000
1.000000 0.000000 -0.000000 0.000000
0.000000 1.000000 -0.000000 0.000000
-0.000000 -0.000000 1.000000 -0.000000
0.000000 0.000000 -0.000000 1.000000
BoneName: mixamorig:RightHand_$AssimpFbx$_Translation
BoneIndex: 84
ParentIndex: 83
BoneChildCount: 1
85
1.000000 0.000000 0.000000 0.000000
0.000000 1.000000 0.000000 0.000000
0.000000 0.000000 1.000000 0.000000
0.000000 0.000000 0.000000 1.000000
1.000000 0.000000 -0.000000 0.000000
0.000000 1.000000 -0.000000 0.000000
-0.000000 -0.000000 1.000000 -0.000000
-0.000000 28.483500 -0.000000 1.000000
BoneName: mixamorig:RightHand_$AssimpFbx$_PreRotation
BoneIndex: 85
ParentIndex: 84
BoneChildCount: 1
86
1.000000 0.000000 0.000000 0.000000
0.000000 1.000000 0.000000 0.000000
0.000000 0.000000 1.000000 0.000000
0.000000 0.000000 0.000000 1.000000
0.974043 -0.050031 0.220765 0.000000
0.097225 0.973196 -0.208415 0.000000
-0.204420 0.224469 0.952799 -0.000000
0.000000 0.000000 -0.000000 1.000000
BoneName: mixamorig:RightHand
BoneIndex: 86
ParentIndex: 85
BoneChildCount: 5
87
97
107
117
127
0.184810 -0.941896 -0.280495 0.000000
0.305690 -0.216160 0.927269 0.000000
-0.934023 -0.257114 0.247980 -0.000000
-32.245377 -36.221272 -158.051697 1.000000
1.000000 0.000000 -0.000000 0.000000
0.000000 1.000000 -0.000000 0.000000
-0.000000 -0.000000 1.000000 -0.000000
0.000000 0.000000 -0.000000 1.000000
BoneName: mixamorig:RightHandThumb1_$AssimpFbx$_Translation
BoneIndex: 87
ParentIndex: 86
BoneChildCount: 1
88
1.000000 0.000000 0.000000 0.000000
0.000000 1.000000 0.000000 0.000000
0.000000 0.000000 1.000000 0.000000
0.000000 0.000000 0.000000 1.000000
1.000000 0.000000 -0.000000 0.000000
0.000000 1.000000 -0.000000 0.000000
-0.000000 -0.000000 1.000000 -0.000000
2.698716 3.058632 -1.299813 1.000000
BoneName: mixamorig:RightHandThumb1_$AssimpFbx$_PreRotation
BoneIndex: 88
ParentIndex: 87
BoneChildCount: 1
89
1.000000 0.000000 0.000000 0.000000
0.000000 1.000000 0.000000 0.000000
0.000000 0.000000 1.000000 0.000000
0.000000 0.000000 0.000000 1.000000
0.765509 -0.643425 0.000000 0.000000
0.613035 0.729353 -0.303698 0.000000
0.195407 0.232484 0.952768 -0.000000
0.000000 0.000000 -0.000000 1.000000
BoneName: mixamorig:RightHandThumb1
BoneIndex: 89
ParentIndex: 88
BoneChildCount: 1
90
0.747514 -0.488493 -0.450109 0.000000
0.373091 -0.251867 0.892953 0.000000
-0.549569 -0.835427 -0.006022 -0.000000
-1.476319 -2.465630 -165.308487 1.000000
1.000000 0.000000 -0.000000 0.000000
0.000000 1.000000 -0.000000 0.000000
-0.000000 -0.000000 1.000000 -0.000000
0.000000 0.000000 -0.000000 1.000000
BoneName: mixamorig:RightHandThumb2_$AssimpFbx$_Translation
BoneIndex: 90
ParentIndex: 89
BoneChildCount: 1
91
1.000000 0.000000 0.000000 0.000000
0.000000 1.000000 0.000000 0.000000
0.000000 0.000000 1.000000 0.000000
0.000000 0.000000 0.000000 1.000000
1.000000 0.000000 -0.000000 0.000000
0.000000 1.000000 -0.000000 0.000000
-0.000000 -0.000000 1.000000 -0.000000
0.078305 3.423988 0.000000 1.000000
BoneName: mixamorig:RightHandThumb2_$AssimpFbx$_PreRotation
BoneIndex: 91
ParentIndex: 90
BoneChildCount: 1
92
1.000000 0.000000 0.000000 0.000000
0.000000 1.000000 0.000000 0.000000
0.000000 0.000000 1.000000 0.000000
0.000000 0.000000 0.000000 1.000000
1.000000 0.000000 -0.000000 0.000000
0.000000 0.987204 -0.159463 0.000000
-0.000000 0.159463 0.987204 -0.000000
0.000000 0.000000 -0.000000 1.000000
BoneName: mixamorig:RightHandThumb2
BoneIndex: 92
ParentIndex: 91
BoneChildCount: 1
93
0.747514 -0.410467 -0.522246 0.000000
0.373091 -0.391037 0.841364 0.000000
-0.549569 -0.823776 -0.139164 -0.000000
-1.554625 20.546274 -164.132370 1.000000
1.000000 0.000000 -0.000000 0.000000
0.000000 1.000000 -0.000000 0.000000
-0.000000 -0.000000 1.000000 -0.000000
0.000000 0.000000 -0.000000 1.000000
BoneName: mixamorig:RightHandThumb3_$AssimpFbx$_Translation
BoneIndex: 93
ParentIndex: 92
BoneChildCount: 1
94
1.000000 0.000000 0.000000 0.000000
0.000000 1.000000 0.000000 0.000000
0.000000 0.000000 1.000000 0.000000
0.000000 0.000000 0.000000 1.000000
1.000000 0.000000 -0.000000 0.000000
0.000000 1.000000 -0.000000 0.000000
-0.000000 -0.000000 1.000000 -0.000000
-0.053042 3.564641 -0.000000 1.000000
BoneName: mixamorig:RightHandThumb3_$AssimpFbx$_PreRotation
BoneIndex: 94
ParentIndex: 93
BoneChildCount: 1
95
1.000000 0.000000 0.000000 0.000000
0.000000 1.000000 0.000000 0.000000
0.000000 0.000000 1.000000 0.000000
0.000000 0.000000 0.000000 1.000000
1.000000 0.000000 -0.000000 0.000000
0.000000 0.999012 -0.044446 0.000000
-0.000000 0.044446 0.999012 -0.000000
0.000000 0.000000 -0.000000 1.000000
BoneName: mixamorig:RightHandThumb3
BoneIndex: 95
ParentIndex: 94
BoneChildCount: 1
96
0.747514 -0.386849 -0.539973 0.000000
0.373091 -0.428046 0.823152 0.000000
-0.549569 -0.816777 -0.175640 -0.000000
-1.501583 24.259808 -163.215408 1.000000
1.000000 0.000000 -0.000000 0.000000
0.000000 1.000000 -0.000000 0.000000
-0.000000 -0.000000 1.000000 -0.000000
0.000000 0.000000 -0.000000 1.000000
BoneName: mixamorig:RightHandThumb4
BoneIndex: 96
ParentIndex: 95
BoneChildCount: 0
0.747514 -0.386849 -0.539973 0.000000
0.373091 -0.428046 0.823152 0.000000
-0.549569 -0.816777 -0.175640 -0.000000
-1.476319 21.172794 -163.215408 1.000000
1.000000 0.000000 -0.000000 0.000000
0.000000 1.000000 -0.000000 0.000000
-0.000000 -0.000000 1.000000 -0.000000
-0.025264 3.087018 -0.000000 1.000000
BoneName: mixamorig:RightHandIndex1_$AssimpFbx$_Translation
BoneIndex: 97
ParentIndex: 86
BoneChildCount: 1
98
1.000000 0.000000 0.000000 0.000000
0.000000 1.000000 0.000000 0.000000
0.000000 0.000000 1.000000 0.000000
0.000000 0.000000 0.000000 1.000000
1.000000 0.000000 -0.000000 0.000000
0.000000 1.000000 -0.000000 0.000000
-0.000000 -0.000000 1.000000 -0.000000
3.329366 10.756874 0.008224 1.000000
BoneName: mixamorig:RightHandIndex1_$AssimpFbx$_PreRotation
BoneIndex: 98
ParentIndex: 97
BoneChildCount: 1
99
1.000000 0.000000 0.000000 0.000000
0.000000 1.000000 0.000000 0.000000
0.000000 0.000000 1.000000 0.000000
0.000000 0.000000 0.000000 1.000000
0.978087 -0.208195 0.000000 0.000000
0.206884 0.971927 -0.112062 0.000000
0.023331 0.109607 0.993701 -0.000000
0.000000 0.000000 -0.000000 1.000000
BoneName: mixamorig:RightHandIndex1
BoneIndex: 99
ParentIndex: 98
BoneChildCount: 1
100
0.376859 -0.845786 -0.377655 0.000000
0.343995 -0.250761 0.904868 0.000000
-0.860026 -0.470919 0.196445 -0.000000
-25.014578 -35.306572 -163.043442 1.000000
1.000000 0.000000 -0.000000 0.000000
0.000000 1.000000 -0.000000 0.000000
-0.000000 -0.000000 1.000000 -0.000000
0.000000 0.000000 -0.000000 1.000000
BoneName: mixamorig:RightHandIndex2_$AssimpFbx$_Translation
BoneIndex: 100
ParentIndex: 99
BoneChildCount: 1
101
1.000000 0.000000 0.000000 0.000000
0.000000 1.000000 0.000000 0.000000
0.000000 0.000000 1.000000 0.000000
0.000000 0.000000 0.000000 1.000000
1.000000 0.000000 -0.000000 0.000000
0.000000 1.000000 -0.000000 0.000000
-0.000000 -0.000000 1.000000 -0.000000
-0.077823 2.776619 0.000000 1.000000
